State_Name,District_Name,Date,District_lgd,District_code,State_lgd,State_code,Quantity_Sold_daily_district,Number_of_sale_Transactions_daily_district,Quantity_Sold_roll_district,Number_of_sale_Transactions_roll_district,Quantity_Sold_daily_state,Number_of_sale_Transactions_daily_state,Quantity_Sold_roll_state,Number_of_sale_Transactions_roll_state,Quantity_Sold_daily_india,Number_of_sale_Transactions_daily_india,Quantity_Sold_roll_india,Number_of_sale_Transactions_roll_india
Andaman and Nicobar Islands,Nicobars,30-12-2020,,,,,0.0,0.0,,,0.9450000000000001,9.0,1.4142857142857141,16.857142857142858,212047.41899999994,688342.0,220259.67142857114,656428.7142857143
Andaman and Nicobar Islands,North And Middle Andaman,30-12-2020,,,,,0.0,0.0,,,0.9450000000000001,9.0,1.4142857142857141,16.857142857142858,212047.41899999994,688342.0,220259.67142857114,656428.7142857143
Andaman and Nicobar Islands,South Andamans,30-12-2020,,,,,0.9450000000000001,9.0,,,0.9450000000000001,9.0,1.4142857142857141,16.857142857142858,212047.41899999994,688342.0,220259.67142857114,656428.7142857143
Andhra Pradesh,Anantapur,30-12-2020,ANANTAPUR,502.0,ANDHRA PRADESH,28.0,489.14500000000004,1154.0,,,10580.453000000003,24967.0,8824.176428571427,19155.0,212047.41899999994,688342.0,220259.67142857114,656428.7142857143
Andhra Pradesh,Chittoor,30-12-2020,CHITTOOR,503.0,ANDHRA PRADESH,28.0,460.57000000000005,1836.0,,,10580.453000000003,24967.0,8824.176428571427,19155.0,212047.41899999994,688342.0,220259.67142857114,656428.7142857143
Andhra Pradesh,East Godavari,30-12-2020,EAST GODAVARI,505.0,ANDHRA PRADESH,28.0,838.6810000000007,3097.0,,,10580.453000000003,24967.0,8824.176428571427,19155.0,212047.41899999994,688342.0,220259.67142857114,656428.7142857143
Andhra Pradesh,Guntur,30-12-2020,GUNTUR,506.0,ANDHRA PRADESH,28.0,2065.8450000000007,2928.0,,,10580.453000000003,24967.0,8824.176428571427,19155.0,212047.41899999994,688342.0,220259.67142857114,656428.7142857143
Andhra Pradesh,Krishna,30-12-2020,KRISHNA,510.0,ANDHRA PRADESH,28.0,509.03999999999996,1061.0,,,10580.453000000003,24967.0,8824.176428571427,19155.0,212047.41899999994,688342.0,220259.67142857114,656428.7142857143
Andhra Pradesh,Kurnool,30-12-2020,KURNOOL,511.0,ANDHRA PRADESH,28.0,919.0350000000004,1742.0,,,10580.453000000003,24967.0,8824.176428571427,19155.0,212047.41899999994,688342.0,220259.67142857114,656428.7142857143
Andhra Pradesh,Prakasam,30-12-2020,PRAKASAM,517.0,ANDHRA PRADESH,28.0,1122.4750000000006,2487.0,,,10580.453000000003,24967.0,8824.176428571427,19155.0,212047.41899999994,688342.0,220259.67142857114,656428.7142857143
Andhra Pradesh,Spsr Nellore,30-12-2020,SPSR NELLORE,515.0,ANDHRA PRADESH,28.0,1686.8700000000006,4060.0,,,10580.453000000003,24967.0,8824.176428571427,19155.0,212047.41899999994,688342.0,220259.67142857114,656428.7142857143
Andhra Pradesh,Srikakulam,30-12-2020,SRIKAKULAM,519.0,ANDHRA PRADESH,28.0,202.75499999999997,689.0,,,10580.453000000003,24967.0,8824.176428571427,19155.0,212047.41899999994,688342.0,220259.67142857114,656428.7142857143
Andhra Pradesh,Visakhapatanam,30-12-2020,,,,,52.50000000000002,371.0,,,10580.453000000003,24967.0,8824.176428571427,19155.0,212047.41899999994,688342.0,220259.67142857114,656428.7142857143
Andhra Pradesh,Vizianagaram,30-12-2020,VIZIANAGARAM,521.0,ANDHRA PRADESH,28.0,147.51500000000001,788.0,,,10580.453000000003,24967.0,8824.176428571427,19155.0,212047.41899999994,688342.0,220259.67142857114,656428.7142857143
Andhra Pradesh,West Godavari,30-12-2020,WEST GODAVARI,523.0,ANDHRA PRADESH,28.0,1446.2100000000007,3266.0,,,10580.453000000003,24967.0,8824.176428571427,19155.0,212047.41899999994,688342.0,220259.67142857114,656428.7142857143
Andhra Pradesh,Y.S.R.,30-12-2020,Y.S.R.,504.0,ANDHRA PRADESH,28.0,639.8120000000002,1488.0,,,10580.453000000003,24967.0,8824.176428571427,19155.0,212047.41899999994,688342.0,220259.67142857114,656428.7142857143
Assam,Baksa,30-12-2020,BAKSA,616.0,ASSAM,18.0,0.815,2.0,,,1111.84,3629.0,1327.9767142857143,4635.571428571428,212047.41899999994,688342.0,220259.67142857114,656428.7142857143
Assam,Barpeta,30-12-2020,BARPETA,280.0,ASSAM,18.0,140.24500000000003,414.0,,,1111.84,3629.0,1327.9767142857143,4635.571428571428,212047.41899999994,688342.0,220259.67142857114,656428.7142857143
Assam,Bongaigaon,30-12-2020,BONGAIGAON,281.0,ASSAM,18.0,37.075,183.0,,,1111.84,3629.0,1327.9767142857143,4635.571428571428,212047.41899999994,688342.0,220259.67142857114,656428.7142857143
Assam,Cachar,30-12-2020,CACHAR,282.0,ASSAM,18.0,2.125,6.0,,,1111.84,3629.0,1327.9767142857143,4635.571428571428,212047.41899999994,688342.0,220259.67142857114,656428.7142857143
Assam,Chirang,30-12-2020,CHIRANG,612.0,ASSAM,18.0,20.31,127.0,,,1111.84,3629.0,1327.9767142857143,4635.571428571428,212047.41899999994,688342.0,220259.67142857114,656428.7142857143
Assam,Darrang,30-12-2020,DARRANG,283.0,ASSAM,18.0,123.845,331.0,,,1111.84,3629.0,1327.9767142857143,4635.571428571428,212047.41899999994,688342.0,220259.67142857114,656428.7142857143
Assam,Dhemaji,30-12-2020,DHEMAJI,284.0,ASSAM,18.0,0.0,0.0,,,1111.84,3629.0,1327.9767142857143,4635.571428571428,212047.41899999994,688342.0,220259.67142857114,656428.7142857143
Assam,Dhubri,30-12-2020,DHUBRI,285.0,ASSAM,18.0,140.37,823.0,,,1111.84,3629.0,1327.9767142857143,4635.571428571428,212047.41899999994,688342.0,220259.67142857114,656428.7142857143
Assam,Dibrugarh,30-12-2020,DIBRUGARH,286.0,ASSAM,18.0,7.27,11.0,,,1111.84,3629.0,1327.9767142857143,4635.571428571428,212047.41899999994,688342.0,220259.67142857114,656428.7142857143
Assam,Goalpara,30-12-2020,GOALPARA,287.0,ASSAM,18.0,63.79,248.0,,,1111.84,3629.0,1327.9767142857143,4635.571428571428,212047.41899999994,688342.0,220259.67142857114,656428.7142857143
Assam,Golaghat,30-12-2020,GOLAGHAT,288.0,ASSAM,18.0,16.375,35.0,,,1111.84,3629.0,1327.9767142857143,4635.571428571428,212047.41899999994,688342.0,220259.67142857114,656428.7142857143
Assam,Hailakandi,30-12-2020,HAILAKANDI,289.0,ASSAM,18.0,1.62,14.0,,,1111.84,3629.0,1327.9767142857143,4635.571428571428,212047.41899999994,688342.0,220259.67142857114,656428.7142857143
Assam,Jorhat,30-12-2020,JORHAT,290.0,ASSAM,18.0,39.599999999999994,44.0,,,1111.84,3629.0,1327.9767142857143,4635.571428571428,212047.41899999994,688342.0,220259.67142857114,656428.7142857143
Assam,Kamrup,30-12-2020,KAMRUP,291.0,ASSAM,18.0,71.14,227.0,,,1111.84,3629.0,1327.9767142857143,4635.571428571428,212047.41899999994,688342.0,220259.67142857114,656428.7142857143
Assam,Kamrup Metro,30-12-2020,KAMRUP METRO,618.0,ASSAM,18.0,44.0,3.0,,,1111.84,3629.0,1327.9767142857143,4635.571428571428,212047.41899999994,688342.0,220259.67142857114,656428.7142857143
Assam,Karbi Anglong,30-12-2020,KARBI ANGLONG,292.0,ASSAM,18.0,0.0,0.0,,,1111.84,3629.0,1327.9767142857143,4635.571428571428,212047.41899999994,688342.0,220259.67142857114,656428.7142857143
Assam,Karimganj,30-12-2020,KARIMGANJ,293.0,ASSAM,18.0,0.0,0.0,,,1111.84,3629.0,1327.9767142857143,4635.571428571428,212047.41899999994,688342.0,220259.67142857114,656428.7142857143
Assam,Kokrajhar,30-12-2020,KOKRAJHAR,294.0,ASSAM,18.0,0.0,0.0,,,1111.84,3629.0,1327.9767142857143,4635.571428571428,212047.41899999994,688342.0,220259.67142857114,656428.7142857143
Assam,Lakhimpur,30-12-2020,LAKHIMPUR,295.0,ASSAM,18.0,27.92,97.0,,,1111.84,3629.0,1327.9767142857143,4635.571428571428,212047.41899999994,688342.0,220259.67142857114,656428.7142857143
Assam,Marigaon,30-12-2020,MARIGAON,296.0,ASSAM,18.0,39.06,151.0,,,1111.84,3629.0,1327.9767142857143,4635.571428571428,212047.41899999994,688342.0,220259.67142857114,656428.7142857143
Assam,Nagaon,30-12-2020,NAGAON,297.0,ASSAM,18.0,125.91500000000002,645.0,,,1111.84,3629.0,1327.9767142857143,4635.571428571428,212047.41899999994,688342.0,220259.67142857114,656428.7142857143
Assam,Nalbari,30-12-2020,NALBARI,298.0,ASSAM,18.0,0.0,0.0,,,1111.84,3629.0,1327.9767142857143,4635.571428571428,212047.41899999994,688342.0,220259.67142857114,656428.7142857143
Assam,Sivasagar,30-12-2020,SIVASAGAR,300.0,ASSAM,18.0,0.0,0.0,,,1111.84,3629.0,1327.9767142857143,4635.571428571428,212047.41899999994,688342.0,220259.67142857114,656428.7142857143
Assam,Sonitpur,30-12-2020,SONITPUR,301.0,ASSAM,18.0,37.965,107.0,,,1111.84,3629.0,1327.9767142857143,4635.571428571428,212047.41899999994,688342.0,220259.67142857114,656428.7142857143
Assam,Tinsukia,30-12-2020,TINSUKIA,302.0,ASSAM,18.0,172.4,161.0,,,1111.84,3629.0,1327.9767142857143,4635.571428571428,212047.41899999994,688342.0,220259.67142857114,656428.7142857143
Assam,Udalguri,30-12-2020,UDALGURI,617.0,ASSAM,18.0,0.0,0.0,,,1111.84,3629.0,1327.9767142857143,4635.571428571428,212047.41899999994,688342.0,220259.67142857114,656428.7142857143
Bihar,Araria,30-12-2020,ARARIA,188.0,BIHAR,10.0,909.9250000000003,3826.0,,,20702.087,97906.0,18550.552714285706,78226.85714285714,212047.41899999994,688342.0,220259.67142857114,656428.7142857143
Bihar,Arwal,30-12-2020,ARWAL,611.0,BIHAR,10.0,88.85,553.0,,,20702.087,97906.0,18550.552714285706,78226.85714285714,212047.41899999994,688342.0,220259.67142857114,656428.7142857143
Bihar,Aurangabad,30-12-2020,AURANGABAD,189.0,BIHAR,10.0,449.75000000000017,1974.0,,,20702.087,97906.0,18550.552714285706,78226.85714285714,212047.41899999994,688342.0,220259.67142857114,656428.7142857143
Bihar,Banka,30-12-2020,BANKA,190.0,BIHAR,10.0,274.3899999999999,1955.0,,,20702.087,97906.0,18550.552714285706,78226.85714285714,212047.41899999994,688342.0,220259.67142857114,656428.7142857143
Bihar,Begusarai,30-12-2020,BEGUSARAI,191.0,BIHAR,10.0,477.445,2259.0,,,20702.087,97906.0,18550.552714285706,78226.85714285714,212047.41899999994,688342.0,220259.67142857114,656428.7142857143
Bihar,Bhagalpur,30-12-2020,BHAGALPUR,192.0,BIHAR,10.0,543.555,2203.0,,,20702.087,97906.0,18550.552714285706,78226.85714285714,212047.41899999994,688342.0,220259.67142857114,656428.7142857143
Bihar,Bhojpur,30-12-2020,BHOJPUR,193.0,BIHAR,10.0,564.7300000000001,1826.0,,,20702.087,97906.0,18550.552714285706,78226.85714285714,212047.41899999994,688342.0,220259.67142857114,656428.7142857143
Bihar,Buxar,30-12-2020,BUXAR,194.0,BIHAR,10.0,885.9749999999998,3403.0,,,20702.087,97906.0,18550.552714285706,78226.85714285714,212047.41899999994,688342.0,220259.67142857114,656428.7142857143
Bihar,Darbhanga,30-12-2020,DARBHANGA,195.0,BIHAR,10.0,407.8400000000001,1561.0,,,20702.087,97906.0,18550.552714285706,78226.85714285714,212047.41899999994,688342.0,220259.67142857114,656428.7142857143
Bihar,Gaya,30-12-2020,GAYA,196.0,BIHAR,10.0,627.59,2626.0,,,20702.087,97906.0,18550.552714285706,78226.85714285714,212047.41899999994,688342.0,220259.67142857114,656428.7142857143
Bihar,Gopalganj,30-12-2020,GOPALGANJ,197.0,BIHAR,10.0,285.00500000000005,3034.0,,,20702.087,97906.0,18550.552714285706,78226.85714285714,212047.41899999994,688342.0,220259.67142857114,656428.7142857143
Bihar,Jamui,30-12-2020,JAMUI,198.0,BIHAR,10.0,276.3,1368.0,,,20702.087,97906.0,18550.552714285706,78226.85714285714,212047.41899999994,688342.0,220259.67142857114,656428.7142857143
Bihar,Jehanabad,30-12-2020,JEHANABAD,199.0,BIHAR,10.0,125.43999999999997,715.0,,,20702.087,97906.0,18550.552714285706,78226.85714285714,212047.41899999994,688342.0,220259.67142857114,656428.7142857143
Bihar,Kaimur (Bhabua),30-12-2020,KAIMUR (BHABUA),200.0,BIHAR,10.0,472.4299999999999,1429.0,,,20702.087,97906.0,18550.552714285706,78226.85714285714,212047.41899999994,688342.0,220259.67142857114,656428.7142857143
Bihar,Katihar,30-12-2020,KATIHAR,201.0,BIHAR,10.0,756.2450000000003,2138.0,,,20702.087,97906.0,18550.552714285706,78226.85714285714,212047.41899999994,688342.0,220259.67142857114,656428.7142857143
Bihar,Khagaria,30-12-2020,KHAGARIA,202.0,BIHAR,10.0,1070.8200000000008,2996.0,,,20702.087,97906.0,18550.552714285706,78226.85714285714,212047.41899999994,688342.0,220259.67142857114,656428.7142857143
Bihar,Kishanganj,30-12-2020,KISHANGANJ,203.0,BIHAR,10.0,282.09499999999997,1331.0,,,20702.087,97906.0,18550.552714285706,78226.85714285714,212047.41899999994,688342.0,220259.67142857114,656428.7142857143
Bihar,Lakhisarai,30-12-2020,LAKHISARAI,204.0,BIHAR,10.0,232.69999999999993,1045.0,,,20702.087,97906.0,18550.552714285706,78226.85714285714,212047.41899999994,688342.0,220259.67142857114,656428.7142857143
Bihar,Madhepura,30-12-2020,MADHEPURA,205.0,BIHAR,10.0,714.7599999999998,3762.0,,,20702.087,97906.0,18550.552714285706,78226.85714285714,212047.41899999994,688342.0,220259.67142857114,656428.7142857143
Bihar,Madhubani,30-12-2020,MADHUBANI,206.0,BIHAR,10.0,473.0319999999998,3124.0,,,20702.087,97906.0,18550.552714285706,78226.85714285714,212047.41899999994,688342.0,220259.67142857114,656428.7142857143
Bihar,Munger,30-12-2020,MUNGER,207.0,BIHAR,10.0,95.03000000000004,682.0,,,20702.087,97906.0,18550.552714285706,78226.85714285714,212047.41899999994,688342.0,220259.67142857114,656428.7142857143
Bihar,Muzaffarpur,30-12-2020,MUZAFFARPUR,208.0,BIHAR,10.0,1071.4799999999998,6423.0,,,20702.087,97906.0,18550.552714285706,78226.85714285714,212047.41899999994,688342.0,220259.67142857114,656428.7142857143
Bihar,Nalanda,30-12-2020,NALANDA,209.0,BIHAR,10.0,609.5250000000002,2541.0,,,20702.087,97906.0,18550.552714285706,78226.85714285714,212047.41899999994,688342.0,220259.67142857114,656428.7142857143
Bihar,Nawada,30-12-2020,NAWADA,210.0,BIHAR,10.0,219.31999999999994,969.0,,,20702.087,97906.0,18550.552714285706,78226.85714285714,212047.41899999994,688342.0,220259.67142857114,656428.7142857143
Bihar,Pashchim Champaran,30-12-2020,PASHCHIM CHAMPARAN,211.0,BIHAR,10.0,517.9200000000001,2125.0,,,20702.087,97906.0,18550.552714285706,78226.85714285714,212047.41899999994,688342.0,220259.67142857114,656428.7142857143
Bihar,Patna,30-12-2020,PATNA,212.0,BIHAR,10.0,545.0849999999996,1867.0,,,20702.087,97906.0,18550.552714285706,78226.85714285714,212047.41899999994,688342.0,220259.67142857114,656428.7142857143
Bihar,Purbi Champaran,30-12-2020,PURBI CHAMPARAN,213.0,BIHAR,10.0,1086.0300000000004,6639.0,,,20702.087,97906.0,18550.552714285706,78226.85714285714,212047.41899999994,688342.0,220259.67142857114,656428.7142857143
Bihar,Purnia,30-12-2020,PURNIA,214.0,BIHAR,10.0,1293.6200000000006,4072.0,,,20702.087,97906.0,18550.552714285706,78226.85714285714,212047.41899999994,688342.0,220259.67142857114,656428.7142857143
Bihar,Rohtas,30-12-2020,ROHTAS,215.0,BIHAR,10.0,835.0879999999999,2640.0,,,20702.087,97906.0,18550.552714285706,78226.85714285714,212047.41899999994,688342.0,220259.67142857114,656428.7142857143
Bihar,Saharsa,30-12-2020,SAHARSA,216.0,BIHAR,10.0,461.64499999999987,2617.0,,,20702.087,97906.0,18550.552714285706,78226.85714285714,212047.41899999994,688342.0,220259.67142857114,656428.7142857143
Bihar,Samastipur,30-12-2020,SAMASTIPUR,217.0,BIHAR,10.0,800.9150000000001,3855.0,,,20702.087,97906.0,18550.552714285706,78226.85714285714,212047.41899999994,688342.0,220259.67142857114,656428.7142857143
Bihar,Saran,30-12-2020,SARAN,218.0,BIHAR,10.0,691.0200000000003,4892.0,,,20702.087,97906.0,18550.552714285706,78226.85714285714,212047.41899999994,688342.0,220259.67142857114,656428.7142857143
Bihar,Sheikhpura,30-12-2020,SHEIKHPURA,219.0,BIHAR,10.0,124.865,620.0,,,20702.087,97906.0,18550.552714285706,78226.85714285714,212047.41899999994,688342.0,220259.67142857114,656428.7142857143
Bihar,Sheohar,30-12-2020,SHEOHAR,220.0,BIHAR,10.0,116.295,987.0,,,20702.087,97906.0,18550.552714285706,78226.85714285714,212047.41899999994,688342.0,220259.67142857114,656428.7142857143
Bihar,Sitamarhi,30-12-2020,SITAMARHI,221.0,BIHAR,10.0,423.727,3131.0,,,20702.087,97906.0,18550.552714285706,78226.85714285714,212047.41899999994,688342.0,220259.67142857114,656428.7142857143
Bihar,Siwan,30-12-2020,SIWAN,222.0,BIHAR,10.0,415.1000000000002,3325.0,,,20702.087,97906.0,18550.552714285706,78226.85714285714,212047.41899999994,688342.0,220259.67142857114,656428.7142857143
Bihar,Supaul,30-12-2020,SUPAUL,223.0,BIHAR,10.0,553.4749999999998,3607.0,,,20702.087,97906.0,18550.552714285706,78226.85714285714,212047.41899999994,688342.0,220259.67142857114,656428.7142857143
Bihar,Vaishali,30-12-2020,VAISHALI,224.0,BIHAR,10.0,923.0700000000006,3786.0,,,20702.087,97906.0,18550.552714285706,78226.85714285714,212047.41899999994,688342.0,220259.67142857114,656428.7142857143
Chhattisgarh,Balod,30-12-2020,BALOD,646.0,CHHATTISGARH,22.0,72.81,242.0,,,2365.0,4857.0,1430.5947142857153,3411.714285714286,212047.41899999994,688342.0,220259.67142857114,656428.7142857143
Chhattisgarh,Baloda Bazar,30-12-2020,,,,,111.58000000000004,374.0,,,2365.0,4857.0,1430.5947142857153,3411.714285714286,212047.41899999994,688342.0,220259.67142857114,656428.7142857143
Chhattisgarh,Balrampur,30-12-2020,BALRAMPUR,649.0,CHHATTISGARH,22.0,144.45499999999998,243.0,,,2365.0,4857.0,1430.5947142857153,3411.714285714286,212047.41899999994,688342.0,220259.67142857114,656428.7142857143
Chhattisgarh,Bastar,30-12-2020,BASTAR,374.0,CHHATTISGARH,22.0,52.38,199.0,,,2365.0,4857.0,1430.5947142857153,3411.714285714286,212047.41899999994,688342.0,220259.67142857114,656428.7142857143
Chhattisgarh,Bemetara,30-12-2020,BEMETARA,650.0,CHHATTISGARH,22.0,186.73,529.0,,,2365.0,4857.0,1430.5947142857153,3411.714285714286,212047.41899999994,688342.0,220259.67142857114,656428.7142857143
Chhattisgarh,Bijapur,30-12-2020,BIJAPUR,636.0,CHHATTISGARH,22.0,0.0,0.0,,,2365.0,4857.0,1430.5947142857153,3411.714285714286,212047.41899999994,688342.0,220259.67142857114,656428.7142857143
Chhattisgarh,Bilaspur,30-12-2020,BILASPUR,375.0,CHHATTISGARH,22.0,155.78,220.0,,,2365.0,4857.0,1430.5947142857153,3411.714285714286,212047.41899999994,688342.0,220259.67142857114,656428.7142857143
Chhattisgarh,Dhamtari,30-12-2020,DHAMTARI,377.0,CHHATTISGARH,22.0,127.20500000000003,243.0,,,2365.0,4857.0,1430.5947142857153,3411.714285714286,212047.41899999994,688342.0,220259.67142857114,656428.7142857143
Chhattisgarh,Durg,30-12-2020,DURG,378.0,CHHATTISGARH,22.0,131.42999999999998,351.0,,,2365.0,4857.0,1430.5947142857153,3411.714285714286,212047.41899999994,688342.0,220259.67142857114,656428.7142857143
Chhattisgarh,Gariyaband,30-12-2020,GARIYABAND,645.0,CHHATTISGARH,22.0,60.615,77.0,,,2365.0,4857.0,1430.5947142857153,3411.714285714286,212047.41899999994,688342.0,220259.67142857114,656428.7142857143
Chhattisgarh,Janjgir-Champa,30-12-2020,JANJGIR-CHAMPA,379.0,CHHATTISGARH,22.0,94.135,107.0,,,2365.0,4857.0,1430.5947142857153,3411.714285714286,212047.41899999994,688342.0,220259.67142857114,656428.7142857143
Chhattisgarh,Jashpur,30-12-2020,JASHPUR,380.0,CHHATTISGARH,22.0,10.165000000000001,24.0,,,2365.0,4857.0,1430.5947142857153,3411.714285714286,212047.41899999994,688342.0,220259.67142857114,656428.7142857143
Chhattisgarh,Kabirdham,30-12-2020,KABIRDHAM,382.0,CHHATTISGARH,22.0,98.08500000000002,189.0,,,2365.0,4857.0,1430.5947142857153,3411.714285714286,212047.41899999994,688342.0,220259.67142857114,656428.7142857143
Chhattisgarh,Kondagaon,30-12-2020,KONDAGAON,643.0,CHHATTISGARH,22.0,37.34,100.0,,,2365.0,4857.0,1430.5947142857153,3411.714285714286,212047.41899999994,688342.0,220259.67142857114,656428.7142857143
Chhattisgarh,Korba,30-12-2020,KORBA,383.0,CHHATTISGARH,22.0,8.855,33.0,,,2365.0,4857.0,1430.5947142857153,3411.714285714286,212047.41899999994,688342.0,220259.67142857114,656428.7142857143
Chhattisgarh,Korea,30-12-2020,KOREA,384.0,CHHATTISGARH,22.0,8.75,6.0,,,2365.0,4857.0,1430.5947142857153,3411.714285714286,212047.41899999994,688342.0,220259.67142857114,656428.7142857143
Chhattisgarh,Mahasamund,30-12-2020,MAHASAMUND,385.0,CHHATTISGARH,22.0,332.665,333.0,,,2365.0,4857.0,1430.5947142857153,3411.714285714286,212047.41899999994,688342.0,220259.67142857114,656428.7142857143
Chhattisgarh,Mungeli,30-12-2020,MUNGELI,647.0,CHHATTISGARH,22.0,72.59,260.0,,,2365.0,4857.0,1430.5947142857153,3411.714285714286,212047.41899999994,688342.0,220259.67142857114,656428.7142857143
Chhattisgarh,Narayanpur,30-12-2020,NARAYANPUR,637.0,CHHATTISGARH,22.0,0.28,5.0,,,2365.0,4857.0,1430.5947142857153,3411.714285714286,212047.41899999994,688342.0,220259.67142857114,656428.7142857143
Chhattisgarh,Raigarh,30-12-2020,RAIGARH,386.0,CHHATTISGARH,22.0,100.51,157.0,,,2365.0,4857.0,1430.5947142857153,3411.714285714286,212047.41899999994,688342.0,220259.67142857114,656428.7142857143
Chhattisgarh,Raipur,30-12-2020,RAIPUR,387.0,CHHATTISGARH,22.0,113.94,175.0,,,2365.0,4857.0,1430.5947142857153,3411.714285714286,212047.41899999994,688342.0,220259.67142857114,656428.7142857143
Chhattisgarh,Rajnandgaon,30-12-2020,RAJNANDGAON,388.0,CHHATTISGARH,22.0,165.24,290.0,,,2365.0,4857.0,1430.5947142857153,3411.714285714286,212047.41899999994,688342.0,220259.67142857114,656428.7142857143
Chhattisgarh,Sukma,30-12-2020,SUKMA,642.0,CHHATTISGARH,22.0,64.11,108.0,,,2365.0,4857.0,1430.5947142857153,3411.714285714286,212047.41899999994,688342.0,220259.67142857114,656428.7142857143
Chhattisgarh,Surajpur,30-12-2020,SURAJPUR,648.0,CHHATTISGARH,22.0,23.785,63.0,,,2365.0,4857.0,1430.5947142857153,3411.714285714286,212047.41899999994,688342.0,220259.67142857114,656428.7142857143
Chhattisgarh,Surguja,30-12-2020,SURGUJA,389.0,CHHATTISGARH,22.0,64.65,148.0,,,2365.0,4857.0,1430.5947142857153,3411.714285714286,212047.41899999994,688342.0,220259.67142857114,656428.7142857143
Chhattisgarh,Uttar Bastar Kanker,30-12-2020,,,,,126.91499999999998,381.0,,,2365.0,4857.0,1430.5947142857153,3411.714285714286,212047.41899999994,688342.0,220259.67142857114,656428.7142857143
Dadra and Nagar Haveli,Dadra And Nagar Haveli,30-12-2020,DADRA AND NAGAR HAVELI,465.0,DADRA AND NAGAR HAVELI,26.0,0.64,4.0,,,0.64,4.0,0.1928571428571296,2.2857142857142856,212047.41899999994,688342.0,220259.67142857114,656428.7142857143
Daman and Diu,Daman,30-12-2020,DAMAN,463.0,DAMAN AND DIU,25.0,0.0,0.0,,,0.0,0.0,0.0,0.0,212047.41899999994,688342.0,220259.67142857114,656428.7142857143
Delhi,East Delhi,30-12-2020,,,,,0.0,0.0,,,59.235,94.0,142.6807142857144,210.42857142857142,212047.41899999994,688342.0,220259.67142857114,656428.7142857143
Delhi,North Delhi,30-12-2020,,,,,47.875,75.0,,,59.235,94.0,142.6807142857144,210.42857142857142,212047.41899999994,688342.0,220259.67142857114,656428.7142857143
Delhi,North West Delhi,30-12-2020,,,,,1.125,1.0,,,59.235,94.0,142.6807142857144,210.42857142857142,212047.41899999994,688342.0,220259.67142857114,656428.7142857143
Delhi,North-East Delhi,30-12-2020,,,,,0.0,0.0,,,59.235,94.0,142.6807142857144,210.42857142857142,212047.41899999994,688342.0,220259.67142857114,656428.7142857143
Delhi,South-West Delhi,30-12-2020,,,,,10.235,18.0,,,59.235,94.0,142.6807142857144,210.42857142857142,212047.41899999994,688342.0,220259.67142857114,656428.7142857143
Goa,North Goa,30-12-2020,NORTH GOA,551.0,GOA,30.0,6.764,186.0,,,22.075,340.0,13.987428571428552,154.28571428571428,212047.41899999994,688342.0,220259.67142857114,656428.7142857143
Goa,South Goa,30-12-2020,SOUTH GOA,552.0,GOA,30.0,15.311,154.0,,,22.075,340.0,13.987428571428552,154.28571428571428,212047.41899999994,688342.0,220259.67142857114,656428.7142857143
Gujarat,Ahmadabad,30-12-2020,AHMADABAD,438.0,GUJARAT,24.0,666.9550000000002,953.0,,,16294.366000000002,43813.0,18631.38657142857,51934.142857142855,212047.41899999994,688342.0,220259.67142857114,656428.7142857143
Gujarat,Amreli,30-12-2020,AMRELI,439.0,GUJARAT,24.0,475.8750000000002,1089.0,,,16294.366000000002,43813.0,18631.38657142857,51934.142857142855,212047.41899999994,688342.0,220259.67142857114,656428.7142857143
Gujarat,Anand,30-12-2020,ANAND,440.0,GUJARAT,24.0,948.7500000000003,2599.0,,,16294.366000000002,43813.0,18631.38657142857,51934.142857142855,212047.41899999994,688342.0,220259.67142857114,656428.7142857143
Gujarat,Arvalli,30-12-2020,ARVALLI,672.0,GUJARAT,24.0,820.0409999999997,2256.0,,,16294.366000000002,43813.0,18631.38657142857,51934.142857142855,212047.41899999994,688342.0,220259.67142857114,656428.7142857143
Gujarat,Banas Kantha,30-12-2020,BANAS KANTHA,441.0,GUJARAT,24.0,784.7699999999998,2166.0,,,16294.366000000002,43813.0,18631.38657142857,51934.142857142855,212047.41899999994,688342.0,220259.67142857114,656428.7142857143
Gujarat,Bharuch,30-12-2020,BHARUCH,442.0,GUJARAT,24.0,267.98999999999995,541.0,,,16294.366000000002,43813.0,18631.38657142857,51934.142857142855,212047.41899999994,688342.0,220259.67142857114,656428.7142857143
Gujarat,Bhavnagar,30-12-2020,BHAVNAGAR,443.0,GUJARAT,24.0,585.678,1418.0,,,16294.366000000002,43813.0,18631.38657142857,51934.142857142855,212047.41899999994,688342.0,220259.67142857114,656428.7142857143
Gujarat,Botad,30-12-2020,BOTAD,676.0,GUJARAT,24.0,274.475,775.0,,,16294.366000000002,43813.0,18631.38657142857,51934.142857142855,212047.41899999994,688342.0,220259.67142857114,656428.7142857143
Gujarat,Chhotaudepur,30-12-2020,CHHOTAUDEPUR,668.0,GUJARAT,24.0,215.88499999999993,765.0,,,16294.366000000002,43813.0,18631.38657142857,51934.142857142855,212047.41899999994,688342.0,220259.67142857114,656428.7142857143
Gujarat,Dang,30-12-2020,DANG,444.0,GUJARAT,24.0,3.005,28.0,,,16294.366000000002,43813.0,18631.38657142857,51934.142857142855,212047.41899999994,688342.0,220259.67142857114,656428.7142857143
Gujarat,Devbhumi Dwarka,30-12-2020,DEVBHUMI DWARKA,674.0,GUJARAT,24.0,265.41999999999996,636.0,,,16294.366000000002,43813.0,18631.38657142857,51934.142857142855,212047.41899999994,688342.0,220259.67142857114,656428.7142857143
Gujarat,Dohad,30-12-2020,DOHAD,445.0,GUJARAT,24.0,262.45500000000004,1368.0,,,16294.366000000002,43813.0,18631.38657142857,51934.142857142855,212047.41899999994,688342.0,220259.67142857114,656428.7142857143
Gujarat,Gandhinagar,30-12-2020,GANDHINAGAR,446.0,GUJARAT,24.0,319.22999999999985,1298.0,,,16294.366000000002,43813.0,18631.38657142857,51934.142857142855,212047.41899999994,688342.0,220259.67142857114,656428.7142857143
Gujarat,Gir Somnath,30-12-2020,GIR SOMNATH,675.0,GUJARAT,24.0,322.1450000000002,969.0,,,16294.366000000002,43813.0,18631.38657142857,51934.142857142855,212047.41899999994,688342.0,220259.67142857114,656428.7142857143
Gujarat,Jamnagar,30-12-2020,JAMNAGAR,447.0,GUJARAT,24.0,423.5450000000002,910.0,,,16294.366000000002,43813.0,18631.38657142857,51934.142857142855,212047.41899999994,688342.0,220259.67142857114,656428.7142857143
Gujarat,Junagadh,30-12-2020,JUNAGADH,448.0,GUJARAT,24.0,443.73000000000013,1001.0,,,16294.366000000002,43813.0,18631.38657142857,51934.142857142855,212047.41899999994,688342.0,220259.67142857114,656428.7142857143
Gujarat,Kachchh,30-12-2020,KACHCHH,449.0,GUJARAT,24.0,723.4399999999999,959.0,,,16294.366000000002,43813.0,18631.38657142857,51934.142857142855,212047.41899999994,688342.0,220259.67142857114,656428.7142857143
Gujarat,Kheda,30-12-2020,KHEDA,450.0,GUJARAT,24.0,700.5750000000003,1812.0,,,16294.366000000002,43813.0,18631.38657142857,51934.142857142855,212047.41899999994,688342.0,220259.67142857114,656428.7142857143
Gujarat,Mahesana,30-12-2020,MAHESANA,451.0,GUJARAT,24.0,786.8750000000001,2950.0,,,16294.366000000002,43813.0,18631.38657142857,51934.142857142855,212047.41899999994,688342.0,220259.67142857114,656428.7142857143
Gujarat,Mahisagar,30-12-2020,MAHISAGAR,669.0,GUJARAT,24.0,396.8699999999999,1506.0,,,16294.366000000002,43813.0,18631.38657142857,51934.142857142855,212047.41899999994,688342.0,220259.67142857114,656428.7142857143
Gujarat,Morbi,30-12-2020,MORBI,673.0,GUJARAT,24.0,650.7149999999998,1264.0,,,16294.366000000002,43813.0,18631.38657142857,51934.142857142855,212047.41899999994,688342.0,220259.67142857114,656428.7142857143
Gujarat,Narmada,30-12-2020,NARMADA,452.0,GUJARAT,24.0,66.895,258.0,,,16294.366000000002,43813.0,18631.38657142857,51934.142857142855,212047.41899999994,688342.0,220259.67142857114,656428.7142857143
Gujarat,Navsari,30-12-2020,NAVSARI,453.0,GUJARAT,24.0,174.30500000000006,1202.0,,,16294.366000000002,43813.0,18631.38657142857,51934.142857142855,212047.41899999994,688342.0,220259.67142857114,656428.7142857143
Gujarat,Panch Mahals,30-12-2020,PANCH MAHALS,454.0,GUJARAT,24.0,340.3550000000001,1667.0,,,16294.366000000002,43813.0,18631.38657142857,51934.142857142855,212047.41899999994,688342.0,220259.67142857114,656428.7142857143
Gujarat,Patan,30-12-2020,PATAN,455.0,GUJARAT,24.0,873.025,1763.0,,,16294.366000000002,43813.0,18631.38657142857,51934.142857142855,212047.41899999994,688342.0,220259.67142857114,656428.7142857143
Gujarat,Porbandar,30-12-2020,PORBANDAR,456.0,GUJARAT,24.0,122.64699999999996,364.0,,,16294.366000000002,43813.0,18631.38657142857,51934.142857142855,212047.41899999994,688342.0,220259.67142857114,656428.7142857143
Gujarat,Rajkot,30-12-2020,RAJKOT,457.0,GUJARAT,24.0,1003.6049999999998,2578.0,,,16294.366000000002,43813.0,18631.38657142857,51934.142857142855,212047.41899999994,688342.0,220259.67142857114,656428.7142857143
Gujarat,Sabar Kantha,30-12-2020,SABAR KANTHA,458.0,GUJARAT,24.0,829.8100000000002,2331.0,,,16294.366000000002,43813.0,18631.38657142857,51934.142857142855,212047.41899999994,688342.0,220259.67142857114,656428.7142857143
Gujarat,Surat,30-12-2020,SURAT,459.0,GUJARAT,24.0,725.6849999999997,1629.0,,,16294.366000000002,43813.0,18631.38657142857,51934.142857142855,212047.41899999994,688342.0,220259.67142857114,656428.7142857143
Gujarat,Surendranagar,30-12-2020,SURENDRANAGAR,460.0,GUJARAT,24.0,876.8100000000002,1497.0,,,16294.366000000002,43813.0,18631.38657142857,51934.142857142855,212047.41899999994,688342.0,220259.67142857114,656428.7142857143
Gujarat,Tapi,30-12-2020,TAPI,641.0,GUJARAT,24.0,258.13000000000005,1292.0,,,16294.366000000002,43813.0,18631.38657142857,51934.142857142855,212047.41899999994,688342.0,220259.67142857114,656428.7142857143
Gujarat,Vadodara,30-12-2020,VADODARA,461.0,GUJARAT,24.0,603.6350000000003,1438.0,,,16294.366000000002,43813.0,18631.38657142857,51934.142857142855,212047.41899999994,688342.0,220259.67142857114,656428.7142857143
Gujarat,Valsad,30-12-2020,VALSAD,462.0,GUJARAT,24.0,81.04000000000002,531.0,,,16294.366000000002,43813.0,18631.38657142857,51934.142857142855,212047.41899999994,688342.0,220259.67142857114,656428.7142857143
Haryana,Ambala,30-12-2020,AMBALA,58.0,HARYANA,6.0,323.60999999999996,398.0,,,9194.187,10558.0,14217.214142857129,17419.85714285714,212047.41899999994,688342.0,220259.67142857114,656428.7142857143
Haryana,Bhiwani,30-12-2020,BHIWANI,59.0,HARYANA,6.0,571.6050000000001,729.0,,,9194.187,10558.0,14217.214142857129,17419.85714285714,212047.41899999994,688342.0,220259.67142857114,656428.7142857143
Haryana,Faridabad,30-12-2020,FARIDABAD,60.0,HARYANA,6.0,87.115,204.0,,,9194.187,10558.0,14217.214142857129,17419.85714285714,212047.41899999994,688342.0,220259.67142857114,656428.7142857143
Haryana,Fatehabad,30-12-2020,FATEHABAD,61.0,HARYANA,6.0,527.4799999999999,658.0,,,9194.187,10558.0,14217.214142857129,17419.85714285714,212047.41899999994,688342.0,220259.67142857114,656428.7142857143
Haryana,Gurgaon,30-12-2020,,,,,126.80000000000001,200.0,,,9194.187,10558.0,14217.214142857129,17419.85714285714,212047.41899999994,688342.0,220259.67142857114,656428.7142857143
Haryana,Hisar,30-12-2020,HISAR,63.0,HARYANA,6.0,1034.1650000000002,959.0,,,9194.187,10558.0,14217.214142857129,17419.85714285714,212047.41899999994,688342.0,220259.67142857114,656428.7142857143
Haryana,Jhajjar,30-12-2020,JHAJJAR,64.0,HARYANA,6.0,249.68999999999997,367.0,,,9194.187,10558.0,14217.214142857129,17419.85714285714,212047.41899999994,688342.0,220259.67142857114,656428.7142857143
Haryana,Jind,30-12-2020,JIND,65.0,HARYANA,6.0,747.1550000000003,746.0,,,9194.187,10558.0,14217.214142857129,17419.85714285714,212047.41899999994,688342.0,220259.67142857114,656428.7142857143
Haryana,Kaithal,30-12-2020,KAITHAL,66.0,HARYANA,6.0,822.4050000000002,745.0,,,9194.187,10558.0,14217.214142857129,17419.85714285714,212047.41899999994,688342.0,220259.67142857114,656428.7142857143
Haryana,Karnal,30-12-2020,KARNAL,67.0,HARYANA,6.0,610.7200000000003,433.0,,,9194.187,10558.0,14217.214142857129,17419.85714285714,212047.41899999994,688342.0,220259.67142857114,656428.7142857143
Haryana,Kurukshetra,30-12-2020,KURUKSHETRA,68.0,HARYANA,6.0,417.0350000000002,465.0,,,9194.187,10558.0,14217.214142857129,17419.85714285714,212047.41899999994,688342.0,220259.67142857114,656428.7142857143
Haryana,Mahendragarh,30-12-2020,MAHENDRAGARH,69.0,HARYANA,6.0,252.88500000000005,599.0,,,9194.187,10558.0,14217.214142857129,17419.85714285714,212047.41899999994,688342.0,220259.67142857114,656428.7142857143
Haryana,Mewat,30-12-2020,,,,,217.36999999999998,346.0,,,9194.187,10558.0,14217.214142857129,17419.85714285714,212047.41899999994,688342.0,220259.67142857114,656428.7142857143
Haryana,Palwal,30-12-2020,PALWAL,619.0,HARYANA,6.0,300.57,409.0,,,9194.187,10558.0,14217.214142857129,17419.85714285714,212047.41899999994,688342.0,220259.67142857114,656428.7142857143
Haryana,Panchkula,30-12-2020,PANCHKULA,70.0,HARYANA,6.0,34.699999999999996,93.0,,,9194.187,10558.0,14217.214142857129,17419.85714285714,212047.41899999994,688342.0,220259.67142857114,656428.7142857143
Haryana,Panipat,30-12-2020,PANIPAT,71.0,HARYANA,6.0,199.79499999999996,169.0,,,9194.187,10558.0,14217.214142857129,17419.85714285714,212047.41899999994,688342.0,220259.67142857114,656428.7142857143
Haryana,Rewari,30-12-2020,REWARI,72.0,HARYANA,6.0,208.7550000000001,415.0,,,9194.187,10558.0,14217.214142857129,17419.85714285714,212047.41899999994,688342.0,220259.67142857114,656428.7142857143
Haryana,Rohtak,30-12-2020,ROHTAK,73.0,HARYANA,6.0,669.03,636.0,,,9194.187,10558.0,14217.214142857129,17419.85714285714,212047.41899999994,688342.0,220259.67142857114,656428.7142857143
Haryana,Sirsa,30-12-2020,SIRSA,74.0,HARYANA,6.0,958.2600000000002,926.0,,,9194.187,10558.0,14217.214142857129,17419.85714285714,212047.41899999994,688342.0,220259.67142857114,656428.7142857143
Haryana,Sonipat,30-12-2020,SONIPAT,75.0,HARYANA,6.0,495.535,442.0,,,9194.187,10558.0,14217.214142857129,17419.85714285714,212047.41899999994,688342.0,220259.67142857114,656428.7142857143
Haryana,Yamunanagar,30-12-2020,YAMUNANAGAR,76.0,HARYANA,6.0,339.507,619.0,,,9194.187,10558.0,14217.214142857129,17419.85714285714,212047.41899999994,688342.0,220259.67142857114,656428.7142857143
Himachal Pradesh,Bilaspur,30-12-2020,BILASPUR,15.0,HIMACHAL PRADESH,2.0,47.730000000000004,120.0,,,727.7900000000001,2925.0,422.24714285714253,1491.0,212047.41899999994,688342.0,220259.67142857114,656428.7142857143
Himachal Pradesh,Chamba,30-12-2020,CHAMBA,16.0,HIMACHAL PRADESH,2.0,3.05,16.0,,,727.7900000000001,2925.0,422.24714285714253,1491.0,212047.41899999994,688342.0,220259.67142857114,656428.7142857143
Himachal Pradesh,Hamirpur,30-12-2020,HAMIRPUR,17.0,HIMACHAL PRADESH,2.0,30.029999999999994,303.0,,,727.7900000000001,2925.0,422.24714285714253,1491.0,212047.41899999994,688342.0,220259.67142857114,656428.7142857143
Himachal Pradesh,Kangra,30-12-2020,KANGRA,18.0,HIMACHAL PRADESH,2.0,199.28000000000003,1197.0,,,727.7900000000001,2925.0,422.24714285714253,1491.0,212047.41899999994,688342.0,220259.67142857114,656428.7142857143
Himachal Pradesh,Kinnaur,30-12-2020,KINNAUR,19.0,HIMACHAL PRADESH,2.0,15.25,51.0,,,727.7900000000001,2925.0,422.24714285714253,1491.0,212047.41899999994,688342.0,220259.67142857114,656428.7142857143
Himachal Pradesh,Kullu,30-12-2020,KULLU,20.0,HIMACHAL PRADESH,2.0,19.280000000000005,47.0,,,727.7900000000001,2925.0,422.24714285714253,1491.0,212047.41899999994,688342.0,220259.67142857114,656428.7142857143
Himachal Pradesh,Lahul And Spiti,30-12-2020,LAHUL AND SPITI,21.0,HIMACHAL PRADESH,2.0,0.0,0.0,,,727.7900000000001,2925.0,422.24714285714253,1491.0,212047.41899999994,688342.0,220259.67142857114,656428.7142857143
Himachal Pradesh,Mandi,30-12-2020,MANDI,22.0,HIMACHAL PRADESH,2.0,65.94,193.0,,,727.7900000000001,2925.0,422.24714285714253,1491.0,212047.41899999994,688342.0,220259.67142857114,656428.7142857143
Himachal Pradesh,Shimla,30-12-2020,SHIMLA,23.0,HIMACHAL PRADESH,2.0,89.005,197.0,,,727.7900000000001,2925.0,422.24714285714253,1491.0,212047.41899999994,688342.0,220259.67142857114,656428.7142857143
Himachal Pradesh,Sirmaur,30-12-2020,SIRMAUR,24.0,HIMACHAL PRADESH,2.0,81.72999999999999,482.0,,,727.7900000000001,2925.0,422.24714285714253,1491.0,212047.41899999994,688342.0,220259.67142857114,656428.7142857143
Himachal Pradesh,Solan,30-12-2020,SOLAN,25.0,HIMACHAL PRADESH,2.0,21.875,100.0,,,727.7900000000001,2925.0,422.24714285714253,1491.0,212047.41899999994,688342.0,220259.67142857114,656428.7142857143
Himachal Pradesh,Una,30-12-2020,UNA,26.0,HIMACHAL PRADESH,2.0,154.62,219.0,,,727.7900000000001,2925.0,422.24714285714253,1491.0,212047.41899999994,688342.0,220259.67142857114,656428.7142857143
Jammu and kashmir,Anantnag,30-12-2020,ANANTNAG,1.0,JAMMU AND KASHMIR,1.0,7.4,6.0,,,319.667,882.0,333.7362857142862,750.5714285714286,212047.41899999994,688342.0,220259.67142857114,656428.7142857143
Jammu and kashmir,Badgam,30-12-2020,BADGAM,2.0,JAMMU AND KASHMIR,1.0,10.254999999999999,11.0,,,319.667,882.0,333.7362857142862,750.5714285714286,212047.41899999994,688342.0,220259.67142857114,656428.7142857143
Jammu and kashmir,Bandipora,30-12-2020,,,,,0.0,0.0,,,319.667,882.0,333.7362857142862,750.5714285714286,212047.41899999994,688342.0,220259.67142857114,656428.7142857143
Jammu and kashmir,Baramulla,30-12-2020,,,,,0.69,8.0,,,319.667,882.0,333.7362857142862,750.5714285714286,212047.41899999994,688342.0,220259.67142857114,656428.7142857143
Jammu and kashmir,Doda,30-12-2020,DODA,4.0,JAMMU AND KASHMIR,1.0,1.0350000000000001,5.0,,,319.667,882.0,333.7362857142862,750.5714285714286,212047.41899999994,688342.0,220259.67142857114,656428.7142857143
Jammu and kashmir,Ganderbal,30-12-2020,GANDERBAL,626.0,JAMMU AND KASHMIR,1.0,0.0,0.0,,,319.667,882.0,333.7362857142862,750.5714285714286,212047.41899999994,688342.0,220259.67142857114,656428.7142857143
Jammu and kashmir,Jammu,30-12-2020,JAMMU,5.0,JAMMU AND KASHMIR,1.0,93.616,255.0,,,319.667,882.0,333.7362857142862,750.5714285714286,212047.41899999994,688342.0,220259.67142857114,656428.7142857143
Jammu and kashmir,Kargil,30-12-2020,,,,,0.0,0.0,,,319.667,882.0,333.7362857142862,750.5714285714286,212047.41899999994,688342.0,220259.67142857114,656428.7142857143
Jammu and kashmir,Kathua,30-12-2020,KATHUA,7.0,JAMMU AND KASHMIR,1.0,59.379999999999995,170.0,,,319.667,882.0,333.7362857142862,750.5714285714286,212047.41899999994,688342.0,220259.67142857114,656428.7142857143
Jammu and kashmir,Kishtwar,30-12-2020,KISHTWAR,620.0,JAMMU AND KASHMIR,1.0,0.0,0.0,,,319.667,882.0,333.7362857142862,750.5714285714286,212047.41899999994,688342.0,220259.67142857114,656428.7142857143
Jammu and kashmir,Kulgam,30-12-2020,KULGAM,622.0,JAMMU AND KASHMIR,1.0,0.0,0.0,,,319.667,882.0,333.7362857142862,750.5714285714286,212047.41899999994,688342.0,220259.67142857114,656428.7142857143
Jammu and kashmir,Kupwara,30-12-2020,KUPWARA,8.0,JAMMU AND KASHMIR,1.0,0.0,0.0,,,319.667,882.0,333.7362857142862,750.5714285714286,212047.41899999994,688342.0,220259.67142857114,656428.7142857143
Jammu and kashmir,Leh Ladakh,30-12-2020,,,,,0.0,0.0,,,319.667,882.0,333.7362857142862,750.5714285714286,212047.41899999994,688342.0,220259.67142857114,656428.7142857143
Jammu and kashmir,Poonch,30-12-2020,POONCH,10.0,JAMMU AND KASHMIR,1.0,31.59,58.0,,,319.667,882.0,333.7362857142862,750.5714285714286,212047.41899999994,688342.0,220259.67142857114,656428.7142857143
Jammu and kashmir,Pulwama,30-12-2020,PULWAMA,11.0,JAMMU AND KASHMIR,1.0,13.605,35.0,,,319.667,882.0,333.7362857142862,750.5714285714286,212047.41899999994,688342.0,220259.67142857114,656428.7142857143
Jammu and kashmir,Rajauri,30-12-2020,RAJAURI,12.0,JAMMU AND KASHMIR,1.0,13.86,62.0,,,319.667,882.0,333.7362857142862,750.5714285714286,212047.41899999994,688342.0,220259.67142857114,656428.7142857143
Jammu and kashmir,Ramban,30-12-2020,RAMBAN,621.0,JAMMU AND KASHMIR,1.0,0.0,0.0,,,319.667,882.0,333.7362857142862,750.5714285714286,212047.41899999994,688342.0,220259.67142857114,656428.7142857143
Jammu and kashmir,Reasi,30-12-2020,,,,,8.605,77.0,,,319.667,882.0,333.7362857142862,750.5714285714286,212047.41899999994,688342.0,220259.67142857114,656428.7142857143
Jammu and kashmir,Samba,30-12-2020,SAMBA,624.0,JAMMU AND KASHMIR,1.0,39.07,88.0,,,319.667,882.0,333.7362857142862,750.5714285714286,212047.41899999994,688342.0,220259.67142857114,656428.7142857143
Jammu and kashmir,Shopian,30-12-2020,SHOPIAN,625.0,JAMMU AND KASHMIR,1.0,25.695999999999998,39.0,,,319.667,882.0,333.7362857142862,750.5714285714286,212047.41899999994,688342.0,220259.67142857114,656428.7142857143
Jammu and kashmir,Srinagar,30-12-2020,SRINAGAR,13.0,JAMMU AND KASHMIR,1.0,2.15,3.0,,,319.667,882.0,333.7362857142862,750.5714285714286,212047.41899999994,688342.0,220259.67142857114,656428.7142857143
Jammu and kashmir,Udhampur,30-12-2020,UDHAMPUR,14.0,JAMMU AND KASHMIR,1.0,12.715,65.0,,,319.667,882.0,333.7362857142862,750.5714285714286,212047.41899999994,688342.0,220259.67142857114,656428.7142857143
Jharkhand,Bokaro,30-12-2020,BOKARO,322.0,JHARKHAND,20.0,3.6199999999999997,58.0,,,983.3870000000002,6913.0,753.2624285714295,5932.285714285715,212047.41899999994,688342.0,220259.67142857114,656428.7142857143
Jharkhand,Chatra,30-12-2020,CHATRA,323.0,JHARKHAND,20.0,41.705000000000005,299.0,,,983.3870000000002,6913.0,753.2624285714295,5932.285714285715,212047.41899999994,688342.0,220259.67142857114,656428.7142857143
Jharkhand,Deoghar,30-12-2020,DEOGHAR,324.0,JHARKHAND,20.0,115.60800000000002,525.0,,,983.3870000000002,6913.0,753.2624285714295,5932.285714285715,212047.41899999994,688342.0,220259.67142857114,656428.7142857143
Jharkhand,Dhanbad,30-12-2020,DHANBAD,325.0,JHARKHAND,20.0,1.615,19.0,,,983.3870000000002,6913.0,753.2624285714295,5932.285714285715,212047.41899999994,688342.0,220259.67142857114,656428.7142857143
Jharkhand,Dumka,30-12-2020,DUMKA,326.0,JHARKHAND,20.0,28.456000000000014,218.0,,,983.3870000000002,6913.0,753.2624285714295,5932.285714285715,212047.41899999994,688342.0,220259.67142857114,656428.7142857143
Jharkhand,East Singhbum,30-12-2020,,,,,8.129999999999999,70.0,,,983.3870000000002,6913.0,753.2624285714295,5932.285714285715,212047.41899999994,688342.0,220259.67142857114,656428.7142857143
Jharkhand,Garhwa,30-12-2020,GARHWA,328.0,JHARKHAND,20.0,84.62,921.0,,,983.3870000000002,6913.0,753.2624285714295,5932.285714285715,212047.41899999994,688342.0,220259.67142857114,656428.7142857143
Jharkhand,Giridih,30-12-2020,GIRIDIH,329.0,JHARKHAND,20.0,29.019999999999996,172.0,,,983.3870000000002,6913.0,753.2624285714295,5932.285714285715,212047.41899999994,688342.0,220259.67142857114,656428.7142857143
Jharkhand,Godda,30-12-2020,GODDA,330.0,JHARKHAND,20.0,91.23100000000002,503.0,,,983.3870000000002,6913.0,753.2624285714295,5932.285714285715,212047.41899999994,688342.0,220259.67142857114,656428.7142857143
Jharkhand,Gumla,30-12-2020,GUMLA,331.0,JHARKHAND,20.0,18.614999999999995,202.0,,,983.3870000000002,6913.0,753.2624285714295,5932.285714285715,212047.41899999994,688342.0,220259.67142857114,656428.7142857143
Jharkhand,Hazaribagh,30-12-2020,HAZARIBAGH,332.0,JHARKHAND,20.0,55.53000000000001,428.0,,,983.3870000000002,6913.0,753.2624285714295,5932.285714285715,212047.41899999994,688342.0,220259.67142857114,656428.7142857143
Jharkhand,Jamtara,30-12-2020,JAMTARA,333.0,JHARKHAND,20.0,2.365,31.0,,,983.3870000000002,6913.0,753.2624285714295,5932.285714285715,212047.41899999994,688342.0,220259.67142857114,656428.7142857143
Jharkhand,Khunti,30-12-2020,KHUNTI,606.0,JHARKHAND,20.0,16.580000000000005,133.0,,,983.3870000000002,6913.0,753.2624285714295,5932.285714285715,212047.41899999994,688342.0,220259.67142857114,656428.7142857143
Jharkhand,Koderma,30-12-2020,KODERMA,334.0,JHARKHAND,20.0,24.4,199.0,,,983.3870000000002,6913.0,753.2624285714295,5932.285714285715,212047.41899999994,688342.0,220259.67142857114,656428.7142857143
Jharkhand,Latehar,30-12-2020,LATEHAR,335.0,JHARKHAND,20.0,20.070000000000004,141.0,,,983.3870000000002,6913.0,753.2624285714295,5932.285714285715,212047.41899999994,688342.0,220259.67142857114,656428.7142857143
Jharkhand,Lohardaga,30-12-2020,LOHARDAGA,336.0,JHARKHAND,20.0,53.13999999999999,414.0,,,983.3870000000002,6913.0,753.2624285714295,5932.285714285715,212047.41899999994,688342.0,220259.67142857114,656428.7142857143
Jharkhand,Pakur,30-12-2020,PAKUR,337.0,JHARKHAND,20.0,40.48,220.0,,,983.3870000000002,6913.0,753.2624285714295,5932.285714285715,212047.41899999994,688342.0,220259.67142857114,656428.7142857143
Jharkhand,Palamu,30-12-2020,PALAMU,338.0,JHARKHAND,20.0,126.31000000000004,1018.0,,,983.3870000000002,6913.0,753.2624285714295,5932.285714285715,212047.41899999994,688342.0,220259.67142857114,656428.7142857143
Jharkhand,Ramgarh,30-12-2020,RAMGARH,607.0,JHARKHAND,20.0,5.205999999999999,116.0,,,983.3870000000002,6913.0,753.2624285714295,5932.285714285715,212047.41899999994,688342.0,220259.67142857114,656428.7142857143
Jharkhand,Ranchi,30-12-2020,RANCHI,339.0,JHARKHAND,20.0,146.33,882.0,,,983.3870000000002,6913.0,753.2624285714295,5932.285714285715,212047.41899999994,688342.0,220259.67142857114,656428.7142857143
Jharkhand,Sahebganj,30-12-2020,SAHEBGANJ,340.0,JHARKHAND,20.0,63.49000000000001,242.0,,,983.3870000000002,6913.0,753.2624285714295,5932.285714285715,212047.41899999994,688342.0,220259.67142857114,656428.7142857143
Jharkhand,Saraikela Kharsawan,30-12-2020,SARAIKELA KHARSAWAN,341.0,JHARKHAND,20.0,2.495,22.0,,,983.3870000000002,6913.0,753.2624285714295,5932.285714285715,212047.41899999994,688342.0,220259.67142857114,656428.7142857143
Jharkhand,Simdega,30-12-2020,SIMDEGA,342.0,JHARKHAND,20.0,1.9899999999999998,21.0,,,983.3870000000002,6913.0,753.2624285714295,5932.285714285715,212047.41899999994,688342.0,220259.67142857114,656428.7142857143
Jharkhand,West Singhbhum,30-12-2020,WEST SINGHBHUM,343.0,JHARKHAND,20.0,2.3809999999999993,59.0,,,983.3870000000002,6913.0,753.2624285714295,5932.285714285715,212047.41899999994,688342.0,220259.67142857114,656428.7142857143
Karnataka,Bagalkot,30-12-2020,,,,,477.13100000000003,1339.0,,,7341.721,12875.0,6767.145428571435,12984.42857142857,212047.41899999994,688342.0,220259.67142857114,656428.7142857143
Karnataka,Bangalore Rural,30-12-2020,,,,,66.955,313.0,,,7341.721,12875.0,6767.145428571435,12984.42857142857,212047.41899999994,688342.0,220259.67142857114,656428.7142857143
Karnataka,Belgaum,30-12-2020,,,,,1625.6049999999996,2814.0,,,7341.721,12875.0,6767.145428571435,12984.42857142857,212047.41899999994,688342.0,220259.67142857114,656428.7142857143
Karnataka,Bellary,30-12-2020,,,,,427.43000000000006,422.0,,,7341.721,12875.0,6767.145428571435,12984.42857142857,212047.41899999994,688342.0,220259.67142857114,656428.7142857143
Karnataka,Bengaluru Urban,30-12-2020,BENGALURU URBAN,525.0,KARNATAKA,29.0,36.55,134.0,,,7341.721,12875.0,6767.145428571435,12984.42857142857,212047.41899999994,688342.0,220259.67142857114,656428.7142857143
Karnataka,Bidar,30-12-2020,BIDAR,529.0,KARNATAKA,29.0,18.354999999999997,49.0,,,7341.721,12875.0,6767.145428571435,12984.42857142857,212047.41899999994,688342.0,220259.67142857114,656428.7142857143
Karnataka,Bijapur,30-12-2020,,,,,364.3700000000001,596.0,,,7341.721,12875.0,6767.145428571435,12984.42857142857,212047.41899999994,688342.0,220259.67142857114,656428.7142857143
Karnataka,Chamarajanagar,30-12-2020,,,,,118.74999999999999,396.0,,,7341.721,12875.0,6767.145428571435,12984.42857142857,212047.41899999994,688342.0,220259.67142857114,656428.7142857143
Karnataka,Chikballapur,30-12-2020,,,,,174.23499999999996,349.0,,,7341.721,12875.0,6767.145428571435,12984.42857142857,212047.41899999994,688342.0,220259.67142857114,656428.7142857143
Karnataka,Chikmagalur,30-12-2020,,,,,159.70000000000002,134.0,,,7341.721,12875.0,6767.145428571435,12984.42857142857,212047.41899999994,688342.0,220259.67142857114,656428.7142857143
Karnataka,Chitradurga,30-12-2020,CHITRADURGA,533.0,KARNATAKA,29.0,150.62000000000006,268.0,,,7341.721,12875.0,6767.145428571435,12984.42857142857,212047.41899999994,688342.0,220259.67142857114,656428.7142857143
Karnataka,Dakshin Kannad,30-12-2020,,,,,185.955,471.0,,,7341.721,12875.0,6767.145428571435,12984.42857142857,212047.41899999994,688342.0,220259.67142857114,656428.7142857143
Karnataka,Davangere,30-12-2020,DAVANGERE,535.0,KARNATAKA,29.0,163.26,226.0,,,7341.721,12875.0,6767.145428571435,12984.42857142857,212047.41899999994,688342.0,220259.67142857114,656428.7142857143
Karnataka,Dharwad,30-12-2020,DHARWAD,536.0,KARNATAKA,29.0,226.42999999999998,206.0,,,7341.721,12875.0,6767.145428571435,12984.42857142857,212047.41899999994,688342.0,220259.67142857114,656428.7142857143
Karnataka,Gadag,30-12-2020,GADAG,537.0,KARNATAKA,29.0,166.665,483.0,,,7341.721,12875.0,6767.145428571435,12984.42857142857,212047.41899999994,688342.0,220259.67142857114,656428.7142857143
Karnataka,Gulbarga,30-12-2020,,,,,78.65,174.0,,,7341.721,12875.0,6767.145428571435,12984.42857142857,212047.41899999994,688342.0,220259.67142857114,656428.7142857143
Karnataka,Hassan,30-12-2020,HASSAN,539.0,KARNATAKA,29.0,82.02,184.0,,,7341.721,12875.0,6767.145428571435,12984.42857142857,212047.41899999994,688342.0,220259.67142857114,656428.7142857143
Karnataka,Haveri,30-12-2020,HAVERI,540.0,KARNATAKA,29.0,196.185,310.0,,,7341.721,12875.0,6767.145428571435,12984.42857142857,212047.41899999994,688342.0,220259.67142857114,656428.7142857143
Karnataka,Kodagu,30-12-2020,KODAGU,541.0,KARNATAKA,29.0,78.02499999999999,50.0,,,7341.721,12875.0,6767.145428571435,12984.42857142857,212047.41899999994,688342.0,220259.67142857114,656428.7142857143
Karnataka,Kolar,30-12-2020,KOLAR,542.0,KARNATAKA,29.0,98.9,339.0,,,7341.721,12875.0,6767.145428571435,12984.42857142857,212047.41899999994,688342.0,220259.67142857114,656428.7142857143
Karnataka,Koppal,30-12-2020,KOPPAL,543.0,KARNATAKA,29.0,225.73999999999998,336.0,,,7341.721,12875.0,6767.145428571435,12984.42857142857,212047.41899999994,688342.0,220259.67142857114,656428.7142857143
Karnataka,Mandya,30-12-2020,MANDYA,544.0,KARNATAKA,29.0,299.45,604.0,,,7341.721,12875.0,6767.145428571435,12984.42857142857,212047.41899999994,688342.0,220259.67142857114,656428.7142857143
Karnataka,Mysore,30-12-2020,,,,,135.24500000000006,291.0,,,7341.721,12875.0,6767.145428571435,12984.42857142857,212047.41899999994,688342.0,220259.67142857114,656428.7142857143
Karnataka,Raichur,30-12-2020,RAICHUR,546.0,KARNATAKA,29.0,782.605,707.0,,,7341.721,12875.0,6767.145428571435,12984.42857142857,212047.41899999994,688342.0,220259.67142857114,656428.7142857143
Karnataka,Ramanagara,30-12-2020,RAMANAGARA,631.0,KARNATAKA,29.0,54.32999999999999,288.0,,,7341.721,12875.0,6767.145428571435,12984.42857142857,212047.41899999994,688342.0,220259.67142857114,656428.7142857143
Karnataka,Shimoga,30-12-2020,,,,,116.35,231.0,,,7341.721,12875.0,6767.145428571435,12984.42857142857,212047.41899999994,688342.0,220259.67142857114,656428.7142857143
Karnataka,Tumkur,30-12-2020,,,,,201.71500000000003,375.0,,,7341.721,12875.0,6767.145428571435,12984.42857142857,212047.41899999994,688342.0,220259.67142857114,656428.7142857143
Karnataka,Udupi,30-12-2020,UDUPI,549.0,KARNATAKA,29.0,17.86,51.0,,,7341.721,12875.0,6767.145428571435,12984.42857142857,212047.41899999994,688342.0,220259.67142857114,656428.7142857143
Karnataka,Uttar Kannad,30-12-2020,,,,,85.945,207.0,,,7341.721,12875.0,6767.145428571435,12984.42857142857,212047.41899999994,688342.0,220259.67142857114,656428.7142857143
Karnataka,Yadgir,30-12-2020,YADGIR,635.0,KARNATAKA,29.0,526.6899999999999,528.0,,,7341.721,12875.0,6767.145428571435,12984.42857142857,212047.41899999994,688342.0,220259.67142857114,656428.7142857143
Kerala,Alappuzha,30-12-2020,ALAPPUZHA,554.0,KERALA,32.0,193.11999999999992,454.0,,,914.651,3380.0,968.0108571428582,3749.714285714286,212047.41899999994,688342.0,220259.67142857114,656428.7142857143
Kerala,Ernakulam,30-12-2020,ERNAKULAM,555.0,KERALA,32.0,51.08999999999999,256.0,,,914.651,3380.0,968.0108571428582,3749.714285714286,212047.41899999994,688342.0,220259.67142857114,656428.7142857143
Kerala,Idukki,30-12-2020,IDUKKI,556.0,KERALA,32.0,44.912000000000006,113.0,,,914.651,3380.0,968.0108571428582,3749.714285714286,212047.41899999994,688342.0,220259.67142857114,656428.7142857143
Kerala,Kannur,30-12-2020,KANNUR,557.0,KERALA,32.0,30.061000000000007,236.0,,,914.651,3380.0,968.0108571428582,3749.714285714286,212047.41899999994,688342.0,220259.67142857114,656428.7142857143
Kerala,Kasaragod,30-12-2020,KASARAGOD,558.0,KERALA,32.0,23.99700000000001,131.0,,,914.651,3380.0,968.0108571428582,3749.714285714286,212047.41899999994,688342.0,220259.67142857114,656428.7142857143
Kerala,Kollam,30-12-2020,KOLLAM,559.0,KERALA,32.0,9.251000000000001,57.0,,,914.651,3380.0,968.0108571428582,3749.714285714286,212047.41899999994,688342.0,220259.67142857114,656428.7142857143
Kerala,Kottayam,30-12-2020,KOTTAYAM,560.0,KERALA,32.0,68.73500000000003,240.0,,,914.651,3380.0,968.0108571428582,3749.714285714286,212047.41899999994,688342.0,220259.67142857114,656428.7142857143
Kerala,Kozhikode,30-12-2020,,,,,21.510000000000005,125.0,,,914.651,3380.0,968.0108571428582,3749.714285714286,212047.41899999994,688342.0,220259.67142857114,656428.7142857143
Kerala,Malappuram,30-12-2020,MALAPPURAM,562.0,KERALA,32.0,57.334999999999994,239.0,,,914.651,3380.0,968.0108571428582,3749.714285714286,212047.41899999994,688342.0,220259.67142857114,656428.7142857143
Kerala,Palakkad,30-12-2020,PALAKKAD,563.0,KERALA,32.0,202.144,819.0,,,914.651,3380.0,968.0108571428582,3749.714285714286,212047.41899999994,688342.0,220259.67142857114,656428.7142857143
Kerala,Pathanamthitta,30-12-2020,PATHANAMTHITTA,564.0,KERALA,32.0,11.078000000000001,53.0,,,914.651,3380.0,968.0108571428582,3749.714285714286,212047.41899999994,688342.0,220259.67142857114,656428.7142857143
Kerala,Thiruvananthapuram,30-12-2020,THIRUVANANTHAPURAM,565.0,KERALA,32.0,25.798000000000002,138.0,,,914.651,3380.0,968.0108571428582,3749.714285714286,212047.41899999994,688342.0,220259.67142857114,656428.7142857143
Kerala,Thrissur,30-12-2020,THRISSUR,566.0,KERALA,32.0,79.29500000000002,414.0,,,914.651,3380.0,968.0108571428582,3749.714285714286,212047.41899999994,688342.0,220259.67142857114,656428.7142857143
Kerala,Wayanad,30-12-2020,WAYANAD,567.0,KERALA,32.0,96.32499999999996,105.0,,,914.651,3380.0,968.0108571428582,3749.714285714286,212047.41899999994,688342.0,220259.67142857114,656428.7142857143
Madhya Pradesh,AGARMALWA,30-12-2020,,,,,119.63499999999999,105.0,,,13847.861999999997,36751.0,30270.7217142857,64918.57142857143,212047.41899999994,688342.0,220259.67142857114,656428.7142857143
Madhya Pradesh,Alirajpur,30-12-2020,ALIRAJPUR,639.0,MADHYA PRADESH,23.0,93.40500000000002,503.0,,,13847.861999999997,36751.0,30270.7217142857,64918.57142857143,212047.41899999994,688342.0,220259.67142857114,656428.7142857143
Madhya Pradesh,Anuppur,30-12-2020,ANUPPUR,390.0,MADHYA PRADESH,23.0,5.13,65.0,,,13847.861999999997,36751.0,30270.7217142857,64918.57142857143,212047.41899999994,688342.0,220259.67142857114,656428.7142857143
Madhya Pradesh,Ashoknagar,30-12-2020,ASHOKNAGAR,391.0,MADHYA PRADESH,23.0,140.71,267.0,,,13847.861999999997,36751.0,30270.7217142857,64918.57142857143,212047.41899999994,688342.0,220259.67142857114,656428.7142857143
Madhya Pradesh,Balaghat,30-12-2020,BALAGHAT,392.0,MADHYA PRADESH,23.0,87.40999999999998,452.0,,,13847.861999999997,36751.0,30270.7217142857,64918.57142857143,212047.41899999994,688342.0,220259.67142857114,656428.7142857143
Madhya Pradesh,Barwani,30-12-2020,BARWANI,393.0,MADHYA PRADESH,23.0,346.61999999999995,1376.0,,,13847.861999999997,36751.0,30270.7217142857,64918.57142857143,212047.41899999994,688342.0,220259.67142857114,656428.7142857143
Madhya Pradesh,Betul,30-12-2020,BETUL,394.0,MADHYA PRADESH,23.0,387.2949999999998,1205.0,,,13847.861999999997,36751.0,30270.7217142857,64918.57142857143,212047.41899999994,688342.0,220259.67142857114,656428.7142857143
Madhya Pradesh,Bhind,30-12-2020,BHIND,395.0,MADHYA PRADESH,23.0,546.9749999999999,1168.0,,,13847.861999999997,36751.0,30270.7217142857,64918.57142857143,212047.41899999994,688342.0,220259.67142857114,656428.7142857143
Madhya Pradesh,Bhopal,30-12-2020,BHOPAL,396.0,MADHYA PRADESH,23.0,148.71000000000004,233.0,,,13847.861999999997,36751.0,30270.7217142857,64918.57142857143,212047.41899999994,688342.0,220259.67142857114,656428.7142857143
Madhya Pradesh,Burhanpur,30-12-2020,BURHANPUR,397.0,MADHYA PRADESH,23.0,251.78000000000006,759.0,,,13847.861999999997,36751.0,30270.7217142857,64918.57142857143,212047.41899999994,688342.0,220259.67142857114,656428.7142857143
Madhya Pradesh,Chhatarpur,30-12-2020,CHHATARPUR,398.0,MADHYA PRADESH,23.0,145.78000000000003,435.0,,,13847.861999999997,36751.0,30270.7217142857,64918.57142857143,212047.41899999994,688342.0,220259.67142857114,656428.7142857143
Madhya Pradesh,Chhindwara,30-12-2020,CHHINDWARA,399.0,MADHYA PRADESH,23.0,326.6250000000002,990.0,,,13847.861999999997,36751.0,30270.7217142857,64918.57142857143,212047.41899999994,688342.0,220259.67142857114,656428.7142857143
Madhya Pradesh,Damoh,30-12-2020,DAMOH,400.0,MADHYA PRADESH,23.0,151.8700000000001,601.0,,,13847.861999999997,36751.0,30270.7217142857,64918.57142857143,212047.41899999994,688342.0,220259.67142857114,656428.7142857143
Madhya Pradesh,Datia,30-12-2020,DATIA,401.0,MADHYA PRADESH,23.0,495.7350000000001,1043.0,,,13847.861999999997,36751.0,30270.7217142857,64918.57142857143,212047.41899999994,688342.0,220259.67142857114,656428.7142857143
Madhya Pradesh,Dewas,30-12-2020,DEWAS,402.0,MADHYA PRADESH,23.0,245.27499999999995,418.0,,,13847.861999999997,36751.0,30270.7217142857,64918.57142857143,212047.41899999994,688342.0,220259.67142857114,656428.7142857143
Madhya Pradesh,Dhar,30-12-2020,DHAR,403.0,MADHYA PRADESH,23.0,789.675,2802.0,,,13847.861999999997,36751.0,30270.7217142857,64918.57142857143,212047.41899999994,688342.0,220259.67142857114,656428.7142857143
Madhya Pradesh,Dindori,30-12-2020,DINDORI,404.0,MADHYA PRADESH,23.0,14.695000000000002,65.0,,,13847.861999999997,36751.0,30270.7217142857,64918.57142857143,212047.41899999994,688342.0,220259.67142857114,656428.7142857143
Madhya Pradesh,East Nimar,30-12-2020,EAST NIMAR,405.0,MADHYA PRADESH,23.0,187.55500000000004,682.0,,,13847.861999999997,36751.0,30270.7217142857,64918.57142857143,212047.41899999994,688342.0,220259.67142857114,656428.7142857143
Madhya Pradesh,Guna,30-12-2020,GUNA,406.0,MADHYA PRADESH,23.0,267.20500000000004,560.0,,,13847.861999999997,36751.0,30270.7217142857,64918.57142857143,212047.41899999994,688342.0,220259.67142857114,656428.7142857143
Madhya Pradesh,Gwalior,30-12-2020,GWALIOR,407.0,MADHYA PRADESH,23.0,569.8599999999998,1081.0,,,13847.861999999997,36751.0,30270.7217142857,64918.57142857143,212047.41899999994,688342.0,220259.67142857114,656428.7142857143
Madhya Pradesh,Harda,30-12-2020,HARDA,408.0,MADHYA PRADESH,23.0,75.51000000000002,129.0,,,13847.861999999997,36751.0,30270.7217142857,64918.57142857143,212047.41899999994,688342.0,220259.67142857114,656428.7142857143
Madhya Pradesh,Hoshangabad,30-12-2020,HOSHANGABAD,409.0,MADHYA PRADESH,23.0,571.8149999999997,823.0,,,13847.861999999997,36751.0,30270.7217142857,64918.57142857143,212047.41899999994,688342.0,220259.67142857114,656428.7142857143
Madhya Pradesh,Indore,30-12-2020,INDORE,410.0,MADHYA PRADESH,23.0,221.06499999999997,571.0,,,13847.861999999997,36751.0,30270.7217142857,64918.57142857143,212047.41899999994,688342.0,220259.67142857114,656428.7142857143
Madhya Pradesh,Jabalpur,30-12-2020,JABALPUR,411.0,MADHYA PRADESH,23.0,561.9089999999999,993.0,,,13847.861999999997,36751.0,30270.7217142857,64918.57142857143,212047.41899999994,688342.0,220259.67142857114,656428.7142857143
Madhya Pradesh,Jhabua,30-12-2020,JHABUA,412.0,MADHYA PRADESH,23.0,160.50999999999996,612.0,,,13847.861999999997,36751.0,30270.7217142857,64918.57142857143,212047.41899999994,688342.0,220259.67142857114,656428.7142857143
Madhya Pradesh,Katni,30-12-2020,KATNI,413.0,MADHYA PRADESH,23.0,363.175,1224.0,,,13847.861999999997,36751.0,30270.7217142857,64918.57142857143,212047.41899999994,688342.0,220259.67142857114,656428.7142857143
Madhya Pradesh,Khargone,30-12-2020,KHARGONE,414.0,MADHYA PRADESH,23.0,488.82300000000004,1491.0,,,13847.861999999997,36751.0,30270.7217142857,64918.57142857143,212047.41899999994,688342.0,220259.67142857114,656428.7142857143
Madhya Pradesh,Mandla,30-12-2020,MANDLA,415.0,MADHYA PRADESH,23.0,111.55300000000004,380.0,,,13847.861999999997,36751.0,30270.7217142857,64918.57142857143,212047.41899999994,688342.0,220259.67142857114,656428.7142857143
Madhya Pradesh,Mandsaur,30-12-2020,MANDSAUR,416.0,MADHYA PRADESH,23.0,233.40999999999997,528.0,,,13847.861999999997,36751.0,30270.7217142857,64918.57142857143,212047.41899999994,688342.0,220259.67142857114,656428.7142857143
Madhya Pradesh,Morena,30-12-2020,MORENA,417.0,MADHYA PRADESH,23.0,294.29999999999995,793.0,,,13847.861999999997,36751.0,30270.7217142857,64918.57142857143,212047.41899999994,688342.0,220259.67142857114,656428.7142857143
Madhya Pradesh,Narsinghpur,30-12-2020,,,,,533.8849999999999,1347.0,,,13847.861999999997,36751.0,30270.7217142857,64918.57142857143,212047.41899999994,688342.0,220259.67142857114,656428.7142857143
Madhya Pradesh,Neemuch,30-12-2020,NEEMUCH,419.0,MADHYA PRADESH,23.0,116.425,482.0,,,13847.861999999997,36751.0,30270.7217142857,64918.57142857143,212047.41899999994,688342.0,220259.67142857114,656428.7142857143
Madhya Pradesh,Panna,30-12-2020,PANNA,420.0,MADHYA PRADESH,23.0,228.48499999999996,534.0,,,13847.861999999997,36751.0,30270.7217142857,64918.57142857143,212047.41899999994,688342.0,220259.67142857114,656428.7142857143
Madhya Pradesh,Raisen,30-12-2020,RAISEN,421.0,MADHYA PRADESH,23.0,706.47,1282.0,,,13847.861999999997,36751.0,30270.7217142857,64918.57142857143,212047.41899999994,688342.0,220259.67142857114,656428.7142857143
Madhya Pradesh,Rajgarh,30-12-2020,RAJGARH,422.0,MADHYA PRADESH,23.0,256.52500000000003,503.0,,,13847.861999999997,36751.0,30270.7217142857,64918.57142857143,212047.41899999994,688342.0,220259.67142857114,656428.7142857143
Madhya Pradesh,Ratlam,30-12-2020,RATLAM,423.0,MADHYA PRADESH,23.0,365.7899999999998,922.0,,,13847.861999999997,36751.0,30270.7217142857,64918.57142857143,212047.41899999994,688342.0,220259.67142857114,656428.7142857143
Madhya Pradesh,Rewa,30-12-2020,REWA,424.0,MADHYA PRADESH,23.0,431.563,2038.0,,,13847.861999999997,36751.0,30270.7217142857,64918.57142857143,212047.41899999994,688342.0,220259.67142857114,656428.7142857143
Madhya Pradesh,Sagar,30-12-2020,SAGAR,425.0,MADHYA PRADESH,23.0,165.43500000000003,618.0,,,13847.861999999997,36751.0,30270.7217142857,64918.57142857143,212047.41899999994,688342.0,220259.67142857114,656428.7142857143
Madhya Pradesh,Satna,30-12-2020,SATNA,426.0,MADHYA PRADESH,23.0,495.4789999999997,1364.0,,,13847.861999999997,36751.0,30270.7217142857,64918.57142857143,212047.41899999994,688342.0,220259.67142857114,656428.7142857143
Madhya Pradesh,Sehore,30-12-2020,SEHORE,427.0,MADHYA PRADESH,23.0,360.6899999999999,463.0,,,13847.861999999997,36751.0,30270.7217142857,64918.57142857143,212047.41899999994,688342.0,220259.67142857114,656428.7142857143
Madhya Pradesh,Seoni,30-12-2020,SEONI,428.0,MADHYA PRADESH,23.0,318.33,577.0,,,13847.861999999997,36751.0,30270.7217142857,64918.57142857143,212047.41899999994,688342.0,220259.67142857114,656428.7142857143
Madhya Pradesh,Shahdol,30-12-2020,SHAHDOL,429.0,MADHYA PRADESH,23.0,44.55000000000001,280.0,,,13847.861999999997,36751.0,30270.7217142857,64918.57142857143,212047.41899999994,688342.0,220259.67142857114,656428.7142857143
Madhya Pradesh,Shajapur,30-12-2020,SHAJAPUR,430.0,MADHYA PRADESH,23.0,140.0,230.0,,,13847.861999999997,36751.0,30270.7217142857,64918.57142857143,212047.41899999994,688342.0,220259.67142857114,656428.7142857143
Madhya Pradesh,Sheopur,30-12-2020,SHEOPUR,431.0,MADHYA PRADESH,23.0,44.644999999999996,73.0,,,13847.861999999997,36751.0,30270.7217142857,64918.57142857143,212047.41899999994,688342.0,220259.67142857114,656428.7142857143
Madhya Pradesh,Shivpuri,30-12-2020,SHIVPURI,432.0,MADHYA PRADESH,23.0,275.56499999999994,410.0,,,13847.861999999997,36751.0,30270.7217142857,64918.57142857143,212047.41899999994,688342.0,220259.67142857114,656428.7142857143
Madhya Pradesh,Sidhi,30-12-2020,SIDHI,433.0,MADHYA PRADESH,23.0,140.81,704.0,,,13847.861999999997,36751.0,30270.7217142857,64918.57142857143,212047.41899999994,688342.0,220259.67142857114,656428.7142857143
Madhya Pradesh,Singrauli,30-12-2020,SINGRAULI,638.0,MADHYA PRADESH,23.0,105.94499999999998,728.0,,,13847.861999999997,36751.0,30270.7217142857,64918.57142857143,212047.41899999994,688342.0,220259.67142857114,656428.7142857143
Madhya Pradesh,Tikamgarh,30-12-2020,TIKAMGARH,434.0,MADHYA PRADESH,23.0,159.44,511.0,,,13847.861999999997,36751.0,30270.7217142857,64918.57142857143,212047.41899999994,688342.0,220259.67142857114,656428.7142857143
Madhya Pradesh,Ujjain,30-12-2020,UJJAIN,435.0,MADHYA PRADESH,23.0,302.61,654.0,,,13847.861999999997,36751.0,30270.7217142857,64918.57142857143,212047.41899999994,688342.0,220259.67142857114,656428.7142857143
Madhya Pradesh,Umaria,30-12-2020,UMARIA,436.0,MADHYA PRADESH,23.0,47.335000000000015,249.0,,,13847.861999999997,36751.0,30270.7217142857,64918.57142857143,212047.41899999994,688342.0,220259.67142857114,656428.7142857143
Madhya Pradesh,Vidisha,30-12-2020,VIDISHA,437.0,MADHYA PRADESH,23.0,203.86999999999992,428.0,,,13847.861999999997,36751.0,30270.7217142857,64918.57142857143,212047.41899999994,688342.0,220259.67142857114,656428.7142857143
Maharashtra,Ahmednagar,30-12-2020,,,,,2583.819999999999,9173.0,,,22546.165,68146.0,16062.535571428612,52333.0,212047.41899999994,688342.0,220259.67142857114,656428.7142857143
Maharashtra,Akola,30-12-2020,AKOLA,467.0,MAHARASHTRA,27.0,194.75000000000009,623.0,,,22546.165,68146.0,16062.535571428612,52333.0,212047.41899999994,688342.0,220259.67142857114,656428.7142857143
Maharashtra,Amravati,30-12-2020,AMRAVATI,468.0,MAHARASHTRA,27.0,690.636,1774.0,,,22546.165,68146.0,16062.535571428612,52333.0,212047.41899999994,688342.0,220259.67142857114,656428.7142857143
Maharashtra,Aurangabad,30-12-2020,AURANGABAD,469.0,MAHARASHTRA,27.0,989.3160000000003,2860.0,,,22546.165,68146.0,16062.535571428612,52333.0,212047.41899999994,688342.0,220259.67142857114,656428.7142857143
Maharashtra,Beed,30-12-2020,BEED,470.0,MAHARASHTRA,27.0,1191.7900000000004,2555.0,,,22546.165,68146.0,16062.535571428612,52333.0,212047.41899999994,688342.0,220259.67142857114,656428.7142857143
Maharashtra,Bhandara,30-12-2020,BHANDARA,471.0,MAHARASHTRA,27.0,229.16000000000008,930.0,,,22546.165,68146.0,16062.535571428612,52333.0,212047.41899999994,688342.0,220259.67142857114,656428.7142857143
Maharashtra,Buldhana,30-12-2020,,,,,594.348,1947.0,,,22546.165,68146.0,16062.535571428612,52333.0,212047.41899999994,688342.0,220259.67142857114,656428.7142857143
Maharashtra,Chandrapur,30-12-2020,CHANDRAPUR,473.0,MAHARASHTRA,27.0,159.1,409.0,,,22546.165,68146.0,16062.535571428612,52333.0,212047.41899999994,688342.0,220259.67142857114,656428.7142857143
Maharashtra,Dhule,30-12-2020,DHULE,474.0,MAHARASHTRA,27.0,497.7999999999999,1128.0,,,22546.165,68146.0,16062.535571428612,52333.0,212047.41899999994,688342.0,220259.67142857114,656428.7142857143
Maharashtra,Gadchiroli,30-12-2020,GADCHIROLI,475.0,MAHARASHTRA,27.0,78.27499999999999,266.0,,,22546.165,68146.0,16062.535571428612,52333.0,212047.41899999994,688342.0,220259.67142857114,656428.7142857143
Maharashtra,Gondia,30-12-2020,GONDIA,476.0,MAHARASHTRA,27.0,163.82,535.0,,,22546.165,68146.0,16062.535571428612,52333.0,212047.41899999994,688342.0,220259.67142857114,656428.7142857143
Maharashtra,Hingoli,30-12-2020,HINGOLI,477.0,MAHARASHTRA,27.0,287.985,858.0,,,22546.165,68146.0,16062.535571428612,52333.0,212047.41899999994,688342.0,220259.67142857114,656428.7142857143
Maharashtra,Jalgaon,30-12-2020,JALGAON,478.0,MAHARASHTRA,27.0,1718.8600000000008,3864.0,,,22546.165,68146.0,16062.535571428612,52333.0,212047.41899999994,688342.0,220259.67142857114,656428.7142857143
Maharashtra,Jalna,30-12-2020,JALNA,479.0,MAHARASHTRA,27.0,673.2020000000001,1524.0,,,22546.165,68146.0,16062.535571428612,52333.0,212047.41899999994,688342.0,220259.67142857114,656428.7142857143
Maharashtra,Kolhapur,30-12-2020,KOLHAPUR,480.0,MAHARASHTRA,27.0,722.4749999999998,3158.0,,,22546.165,68146.0,16062.535571428612,52333.0,212047.41899999994,688342.0,220259.67142857114,656428.7142857143
Maharashtra,Latur,30-12-2020,LATUR,481.0,MAHARASHTRA,27.0,773.5999999999999,1885.0,,,22546.165,68146.0,16062.535571428612,52333.0,212047.41899999994,688342.0,220259.67142857114,656428.7142857143
Maharashtra,Nagpur,30-12-2020,NAGPUR,484.0,MAHARASHTRA,27.0,758.9350000000001,1480.0,,,22546.165,68146.0,16062.535571428612,52333.0,212047.41899999994,688342.0,220259.67142857114,656428.7142857143
Maharashtra,Nanded,30-12-2020,NANDED,485.0,MAHARASHTRA,27.0,593.4700000000003,1159.0,,,22546.165,68146.0,16062.535571428612,52333.0,212047.41899999994,688342.0,220259.67142857114,656428.7142857143
Maharashtra,Nandurbar,30-12-2020,NANDURBAR,486.0,MAHARASHTRA,27.0,438.15,701.0,,,22546.165,68146.0,16062.535571428612,52333.0,212047.41899999994,688342.0,220259.67142857114,656428.7142857143
Maharashtra,Nashik,30-12-2020,NASHIK,487.0,MAHARASHTRA,27.0,2200.885000000001,7349.0,,,22546.165,68146.0,16062.535571428612,52333.0,212047.41899999994,688342.0,220259.67142857114,656428.7142857143
Maharashtra,Osmanabad,30-12-2020,OSMANABAD,488.0,MAHARASHTRA,27.0,403.3799999999999,2067.0,,,22546.165,68146.0,16062.535571428612,52333.0,212047.41899999994,688342.0,220259.67142857114,656428.7142857143
Maharashtra,Palghar,30-12-2020,PALGHAR,665.0,MAHARASHTRA,27.0,57.98400000000001,491.0,,,22546.165,68146.0,16062.535571428612,52333.0,212047.41899999994,688342.0,220259.67142857114,656428.7142857143
Maharashtra,Parbhani,30-12-2020,PARBHANI,489.0,MAHARASHTRA,27.0,651.3250000000004,1428.0,,,22546.165,68146.0,16062.535571428612,52333.0,212047.41899999994,688342.0,220259.67142857114,656428.7142857143
Maharashtra,Pune,30-12-2020,PUNE,490.0,MAHARASHTRA,27.0,1639.8499999999992,3901.0,,,22546.165,68146.0,16062.535571428612,52333.0,212047.41899999994,688342.0,220259.67142857114,656428.7142857143
Maharashtra,Raigarh,30-12-2020,RAIGARH,491.0,MAHARASHTRA,27.0,25.85,87.0,,,22546.165,68146.0,16062.535571428612,52333.0,212047.41899999994,688342.0,220259.67142857114,656428.7142857143
Maharashtra,Ratnagiri,30-12-2020,RATNAGIRI,492.0,MAHARASHTRA,27.0,2.12,15.0,,,22546.165,68146.0,16062.535571428612,52333.0,212047.41899999994,688342.0,220259.67142857114,656428.7142857143
Maharashtra,Sangli,30-12-2020,SANGLI,493.0,MAHARASHTRA,27.0,928.0600000000003,4032.0,,,22546.165,68146.0,16062.535571428612,52333.0,212047.41899999994,688342.0,220259.67142857114,656428.7142857143
Maharashtra,Satara,30-12-2020,SATARA,494.0,MAHARASHTRA,27.0,699.3400000000003,3641.0,,,22546.165,68146.0,16062.535571428612,52333.0,212047.41899999994,688342.0,220259.67142857114,656428.7142857143
Maharashtra,Sindhudurg,30-12-2020,SINDHUDURG,495.0,MAHARASHTRA,27.0,49.289,128.0,,,22546.165,68146.0,16062.535571428612,52333.0,212047.41899999994,688342.0,220259.67142857114,656428.7142857143
Maharashtra,Solapur,30-12-2020,SOLAPUR,496.0,MAHARASHTRA,27.0,1487.455,4860.0,,,22546.165,68146.0,16062.535571428612,52333.0,212047.41899999994,688342.0,220259.67142857114,656428.7142857143
Maharashtra,Thane,30-12-2020,THANE,497.0,MAHARASHTRA,27.0,14.12,115.0,,,22546.165,68146.0,16062.535571428612,52333.0,212047.41899999994,688342.0,220259.67142857114,656428.7142857143
Maharashtra,Wardha,30-12-2020,WARDHA,498.0,MAHARASHTRA,27.0,301.46999999999997,836.0,,,22546.165,68146.0,16062.535571428612,52333.0,212047.41899999994,688342.0,220259.67142857114,656428.7142857143
Maharashtra,Washim,30-12-2020,WASHIM,499.0,MAHARASHTRA,27.0,230.55499999999992,1019.0,,,22546.165,68146.0,16062.535571428612,52333.0,212047.41899999994,688342.0,220259.67142857114,656428.7142857143
Maharashtra,Yavatmal,30-12-2020,YAVATMAL,500.0,MAHARASHTRA,27.0,514.9899999999999,1348.0,,,22546.165,68146.0,16062.535571428612,52333.0,212047.41899999994,688342.0,220259.67142857114,656428.7142857143
Manipur,Bishnupur,30-12-2020,BISHNUPUR,252.0,MANIPUR,14.0,0.0,0.0,,,76.5,17.0,82.57142857142853,17.857142857142858,212047.41899999994,688342.0,220259.67142857114,656428.7142857143
Manipur,Imphal East,30-12-2020,IMPHAL EAST,255.0,MANIPUR,14.0,0.0,0.0,,,76.5,17.0,82.57142857142853,17.857142857142858,212047.41899999994,688342.0,220259.67142857114,656428.7142857143
Manipur,Imphal West,30-12-2020,IMPHAL WEST,256.0,MANIPUR,14.0,0.0,0.0,,,76.5,17.0,82.57142857142853,17.857142857142858,212047.41899999994,688342.0,220259.67142857114,656428.7142857143
Manipur,Senapati,30-12-2020,SENAPATI,257.0,MANIPUR,14.0,0.0,0.0,,,76.5,17.0,82.57142857142853,17.857142857142858,212047.41899999994,688342.0,220259.67142857114,656428.7142857143
Manipur,Thoubal,30-12-2020,THOUBAL,259.0,MANIPUR,14.0,76.5,17.0,,,76.5,17.0,82.57142857142853,17.857142857142858,212047.41899999994,688342.0,220259.67142857114,656428.7142857143
Mizoram,Aizawl,30-12-2020,,,,,0.0,0.0,,,0.0,0.0,1.406428571428569,0.42857142857142855,212047.41899999994,688342.0,220259.67142857114,656428.7142857143
Mizoram,Champhai,30-12-2020,CHAMPHAI,262.0,MIZORAM,15.0,0.0,0.0,,,0.0,0.0,1.406428571428569,0.42857142857142855,212047.41899999994,688342.0,220259.67142857114,656428.7142857143
Mizoram,Kolasib,30-12-2020,KOLASIB,263.0,MIZORAM,15.0,0.0,0.0,,,0.0,0.0,1.406428571428569,0.42857142857142855,212047.41899999994,688342.0,220259.67142857114,656428.7142857143
Mizoram,Lawngtlai,30-12-2020,LAWNGTLAI,264.0,MIZORAM,15.0,0.0,0.0,,,0.0,0.0,1.406428571428569,0.42857142857142855,212047.41899999994,688342.0,220259.67142857114,656428.7142857143
Mizoram,Lunglei,30-12-2020,LUNGLEI,265.0,MIZORAM,15.0,0.0,0.0,,,0.0,0.0,1.406428571428569,0.42857142857142855,212047.41899999994,688342.0,220259.67142857114,656428.7142857143
Mizoram,Mamit,30-12-2020,MAMIT,266.0,MIZORAM,15.0,0.0,0.0,,,0.0,0.0,1.406428571428569,0.42857142857142855,212047.41899999994,688342.0,220259.67142857114,656428.7142857143
Mizoram,Saiha,30-12-2020,SAIHA,267.0,MIZORAM,15.0,0.0,0.0,,,0.0,0.0,1.406428571428569,0.42857142857142855,212047.41899999994,688342.0,220259.67142857114,656428.7142857143
Mizoram,Serchhip,30-12-2020,SERCHHIP,268.0,MIZORAM,15.0,0.0,0.0,,,0.0,0.0,1.406428571428569,0.42857142857142855,212047.41899999994,688342.0,220259.67142857114,656428.7142857143
Nagaland,Dimapur,30-12-2020,DIMAPUR,244.0,NAGALAND,13.0,13.5,3.0,,,13.5,3.0,3.2142857142857144,0.7142857142857143,212047.41899999994,688342.0,220259.67142857114,656428.7142857143
Odisha,Anugul,30-12-2020,ANUGUL,344.0,ODISHA,21.0,16.395000000000003,95.0,,,717.191,2776.0,530.8261428571483,2114.5714285714284,212047.41899999994,688342.0,220259.67142857114,656428.7142857143
Odisha,Balangir,30-12-2020,BALANGIR,345.0,ODISHA,21.0,12.370000000000001,64.0,,,717.191,2776.0,530.8261428571483,2114.5714285714284,212047.41899999994,688342.0,220259.67142857114,656428.7142857143
Odisha,Baleshwar,30-12-2020,BALESHWAR,346.0,ODISHA,21.0,11.09,81.0,,,717.191,2776.0,530.8261428571483,2114.5714285714284,212047.41899999994,688342.0,220259.67142857114,656428.7142857143
Odisha,Bargarh,30-12-2020,BARGARH,347.0,ODISHA,21.0,178.41,400.0,,,717.191,2776.0,530.8261428571483,2114.5714285714284,212047.41899999994,688342.0,220259.67142857114,656428.7142857143
Odisha,Bhadrak,30-12-2020,BHADRAK,348.0,ODISHA,21.0,30.219999999999995,93.0,,,717.191,2776.0,530.8261428571483,2114.5714285714284,212047.41899999994,688342.0,220259.67142857114,656428.7142857143
Odisha,Boudh,30-12-2020,BOUDH,349.0,ODISHA,21.0,4.54,19.0,,,717.191,2776.0,530.8261428571483,2114.5714285714284,212047.41899999994,688342.0,220259.67142857114,656428.7142857143
Odisha,Cuttack,30-12-2020,CUTTACK,350.0,ODISHA,21.0,22.246,125.0,,,717.191,2776.0,530.8261428571483,2114.5714285714284,212047.41899999994,688342.0,220259.67142857114,656428.7142857143
Odisha,Debagarh,30-12-2020,,,,,2.215,28.0,,,717.191,2776.0,530.8261428571483,2114.5714285714284,212047.41899999994,688342.0,220259.67142857114,656428.7142857143
Odisha,Dhenkanal,30-12-2020,DHENKANAL,352.0,ODISHA,21.0,6.660000000000001,29.0,,,717.191,2776.0,530.8261428571483,2114.5714285714284,212047.41899999994,688342.0,220259.67142857114,656428.7142857143
Odisha,Gajapati,30-12-2020,GAJAPATI,353.0,ODISHA,21.0,2.43,7.0,,,717.191,2776.0,530.8261428571483,2114.5714285714284,212047.41899999994,688342.0,220259.67142857114,656428.7142857143
Odisha,Ganjam,30-12-2020,GANJAM,354.0,ODISHA,21.0,40.49999999999999,133.0,,,717.191,2776.0,530.8261428571483,2114.5714285714284,212047.41899999994,688342.0,220259.67142857114,656428.7142857143
Odisha,Jagatsinghapur,30-12-2020,,,,,7.285,13.0,,,717.191,2776.0,530.8261428571483,2114.5714285714284,212047.41899999994,688342.0,220259.67142857114,656428.7142857143
Odisha,Jajapur,30-12-2020,JAJAPUR,356.0,ODISHA,21.0,20.35,141.0,,,717.191,2776.0,530.8261428571483,2114.5714285714284,212047.41899999994,688342.0,220259.67142857114,656428.7142857143
Odisha,Jharsuguda,30-12-2020,JHARSUGUDA,357.0,ODISHA,21.0,1.0699999999999998,15.0,,,717.191,2776.0,530.8261428571483,2114.5714285714284,212047.41899999994,688342.0,220259.67142857114,656428.7142857143
Odisha,Kalahandi,30-12-2020,KALAHANDI,358.0,ODISHA,21.0,16.064999999999998,78.0,,,717.191,2776.0,530.8261428571483,2114.5714285714284,212047.41899999994,688342.0,220259.67142857114,656428.7142857143
Odisha,Kandhamal,30-12-2020,KANDHAMAL,359.0,ODISHA,21.0,12.380000000000003,97.0,,,717.191,2776.0,530.8261428571483,2114.5714285714284,212047.41899999994,688342.0,220259.67142857114,656428.7142857143
Odisha,Kendrapara,30-12-2020,KENDRAPARA,360.0,ODISHA,21.0,12.92,20.0,,,717.191,2776.0,530.8261428571483,2114.5714285714284,212047.41899999994,688342.0,220259.67142857114,656428.7142857143
Odisha,Kendujhar,30-12-2020,KENDUJHAR,361.0,ODISHA,21.0,13.380000000000003,65.0,,,717.191,2776.0,530.8261428571483,2114.5714285714284,212047.41899999994,688342.0,220259.67142857114,656428.7142857143
Odisha,Khordha,30-12-2020,KHORDHA,362.0,ODISHA,21.0,8.235,40.0,,,717.191,2776.0,530.8261428571483,2114.5714285714284,212047.41899999994,688342.0,220259.67142857114,656428.7142857143
Odisha,Koraput,30-12-2020,KORAPUT,363.0,ODISHA,21.0,63.25000000000001,218.0,,,717.191,2776.0,530.8261428571483,2114.5714285714284,212047.41899999994,688342.0,220259.67142857114,656428.7142857143
Odisha,Malkangiri,30-12-2020,MALKANGIRI,364.0,ODISHA,21.0,5.279999999999999,18.0,,,717.191,2776.0,530.8261428571483,2114.5714285714284,212047.41899999994,688342.0,220259.67142857114,656428.7142857143
Odisha,Mayurbhanj,30-12-2020,MAYURBHANJ,365.0,ODISHA,21.0,19.695,114.0,,,717.191,2776.0,530.8261428571483,2114.5714285714284,212047.41899999994,688342.0,220259.67142857114,656428.7142857143
Odisha,Nabarangpur,30-12-2020,NABARANGPUR,366.0,ODISHA,21.0,29.854999999999997,72.0,,,717.191,2776.0,530.8261428571483,2114.5714285714284,212047.41899999994,688342.0,220259.67142857114,656428.7142857143
Odisha,Nayagarh,30-12-2020,NAYAGARH,367.0,ODISHA,21.0,51.25,233.0,,,717.191,2776.0,530.8261428571483,2114.5714285714284,212047.41899999994,688342.0,220259.67142857114,656428.7142857143
Odisha,Nuapada,30-12-2020,NUAPADA,368.0,ODISHA,21.0,4.235,37.0,,,717.191,2776.0,530.8261428571483,2114.5714285714284,212047.41899999994,688342.0,220259.67142857114,656428.7142857143
Odisha,Puri,30-12-2020,PURI,369.0,ODISHA,21.0,35.355,197.0,,,717.191,2776.0,530.8261428571483,2114.5714285714284,212047.41899999994,688342.0,220259.67142857114,656428.7142857143
Odisha,Rayagada,30-12-2020,RAYAGADA,370.0,ODISHA,21.0,4.37,24.0,,,717.191,2776.0,530.8261428571483,2114.5714285714284,212047.41899999994,688342.0,220259.67142857114,656428.7142857143
Odisha,Sambalpur,30-12-2020,SAMBALPUR,371.0,ODISHA,21.0,53.285000000000004,98.0,,,717.191,2776.0,530.8261428571483,2114.5714285714284,212047.41899999994,688342.0,220259.67142857114,656428.7142857143
Odisha,Subarnapur,30-12-2020,,,,,7.895,54.0,,,717.191,2776.0,530.8261428571483,2114.5714285714284,212047.41899999994,688342.0,220259.67142857114,656428.7142857143
Odisha,Sundargarh,30-12-2020,SUNDARGARH,373.0,ODISHA,21.0,23.960000000000004,168.0,,,717.191,2776.0,530.8261428571483,2114.5714285714284,212047.41899999994,688342.0,220259.67142857114,656428.7142857143
Puducherry,Karaikal,30-12-2020,KARAIKAL,598.0,PUDUCHERRY,34.0,0.585,4.0,,,55.589999999999996,173.0,28.67214285714281,65.0,212047.41899999994,688342.0,220259.67142857114,656428.7142857143
Puducherry,Pondicherry,30-12-2020,PONDICHERRY,600.0,PUDUCHERRY,34.0,55.004999999999995,169.0,,,55.589999999999996,173.0,28.67214285714281,65.0,212047.41899999994,688342.0,220259.67142857114,656428.7142857143
Puducherry,Yanam,30-12-2020,YANAM,601.0,PUDUCHERRY,34.0,0.0,0.0,,,55.589999999999996,173.0,28.67214285714281,65.0,212047.41899999994,688342.0,220259.67142857114,656428.7142857143
Punjab,Amritsar,30-12-2020,AMRITSAR,27.0,PUNJAB,3.0,1028.5150000000003,494.0,,,16508.695000000003,9710.0,17272.120999999996,12354.714285714286,212047.41899999994,688342.0,220259.67142857114,656428.7142857143
Punjab,Barnala,30-12-2020,BARNALA,605.0,PUNJAB,3.0,657.1100000000001,285.0,,,16508.695000000003,9710.0,17272.120999999996,12354.714285714286,212047.41899999994,688342.0,220259.67142857114,656428.7142857143
Punjab,Bathinda,30-12-2020,BATHINDA,28.0,PUNJAB,3.0,1327.6549999999997,604.0,,,16508.695000000003,9710.0,17272.120999999996,12354.714285714286,212047.41899999994,688342.0,220259.67142857114,656428.7142857143
Punjab,Faridkot,30-12-2020,FARIDKOT,29.0,PUNJAB,3.0,425.475,222.0,,,16508.695000000003,9710.0,17272.120999999996,12354.714285714286,212047.41899999994,688342.0,220259.67142857114,656428.7142857143
Punjab,Fatehgarh Sahib,30-12-2020,FATEHGARH SAHIB,30.0,PUNJAB,3.0,536.8299999999999,258.0,,,16508.695000000003,9710.0,17272.120999999996,12354.714285714286,212047.41899999994,688342.0,220259.67142857114,656428.7142857143
Punjab,Fazilka,30-12-2020,FAZILKA,651.0,PUNJAB,3.0,1208.2550000000003,932.0,,,16508.695000000003,9710.0,17272.120999999996,12354.714285714286,212047.41899999994,688342.0,220259.67142857114,656428.7142857143
Punjab,Firozepur,30-12-2020,,,,,845.2950000000002,536.0,,,16508.695000000003,9710.0,17272.120999999996,12354.714285714286,212047.41899999994,688342.0,220259.67142857114,656428.7142857143
Punjab,Gurdaspur,30-12-2020,GURDASPUR,32.0,PUNJAB,3.0,1055.8860000000002,520.0,,,16508.695000000003,9710.0,17272.120999999996,12354.714285714286,212047.41899999994,688342.0,220259.67142857114,656428.7142857143
Punjab,Hoshiarpur,30-12-2020,HOSHIARPUR,33.0,PUNJAB,3.0,543.4949999999999,608.0,,,16508.695000000003,9710.0,17272.120999999996,12354.714285714286,212047.41899999994,688342.0,220259.67142857114,656428.7142857143
Punjab,Jalandhar,30-12-2020,JALANDHAR,34.0,PUNJAB,3.0,658.2400000000004,359.0,,,16508.695000000003,9710.0,17272.120999999996,12354.714285714286,212047.41899999994,688342.0,220259.67142857114,656428.7142857143
Punjab,Kapurthala,30-12-2020,KAPURTHALA,35.0,PUNJAB,3.0,438.322,247.0,,,16508.695000000003,9710.0,17272.120999999996,12354.714285714286,212047.41899999994,688342.0,220259.67142857114,656428.7142857143
Punjab,Ludhiana,30-12-2020,LUDHIANA,36.0,PUNJAB,3.0,1116.5450000000003,546.0,,,16508.695000000003,9710.0,17272.120999999996,12354.714285714286,212047.41899999994,688342.0,220259.67142857114,656428.7142857143
Punjab,Mansa,30-12-2020,MANSA,37.0,PUNJAB,3.0,713.4579999999996,417.0,,,16508.695000000003,9710.0,17272.120999999996,12354.714285714286,212047.41899999994,688342.0,220259.67142857114,656428.7142857143
Punjab,Moga,30-12-2020,MOGA,38.0,PUNJAB,3.0,793.4449999999998,427.0,,,16508.695000000003,9710.0,17272.120999999996,12354.714285714286,212047.41899999994,688342.0,220259.67142857114,656428.7142857143
Punjab,Muktsar,30-12-2020,,,,,1515.3990000000003,964.0,,,16508.695000000003,9710.0,17272.120999999996,12354.714285714286,212047.41899999994,688342.0,220259.67142857114,656428.7142857143
Punjab,Nawanshahr,30-12-2020,,,,,218.905,206.0,,,16508.695000000003,9710.0,17272.120999999996,12354.714285714286,212047.41899999994,688342.0,220259.67142857114,656428.7142857143
Punjab,Pathankot,30-12-2020,PATHANKOT,662.0,PUNJAB,3.0,172.935,289.0,,,16508.695000000003,9710.0,17272.120999999996,12354.714285714286,212047.41899999994,688342.0,220259.67142857114,656428.7142857143
Punjab,Patiala,30-12-2020,PATIALA,41.0,PUNJAB,3.0,585.23,288.0,,,16508.695000000003,9710.0,17272.120999999996,12354.714285714286,212047.41899999994,688342.0,220259.67142857114,656428.7142857143
Punjab,Rupnagar,30-12-2020,RUPNAGAR,42.0,PUNJAB,3.0,290.8550000000002,350.0,,,16508.695000000003,9710.0,17272.120999999996,12354.714285714286,212047.41899999994,688342.0,220259.67142857114,656428.7142857143
Punjab,S.A.S Nagar,30-12-2020,S.A.S NAGAR,608.0,PUNJAB,3.0,131.61,139.0,,,16508.695000000003,9710.0,17272.120999999996,12354.714285714286,212047.41899999994,688342.0,220259.67142857114,656428.7142857143
Punjab,Sangrur,30-12-2020,SANGRUR,43.0,PUNJAB,3.0,1636.494999999998,717.0,,,16508.695000000003,9710.0,17272.120999999996,12354.714285714286,212047.41899999994,688342.0,220259.67142857114,656428.7142857143
Punjab,Tarn Taran,30-12-2020,TARN TARAN,609.0,PUNJAB,3.0,608.74,302.0,,,16508.695000000003,9710.0,17272.120999999996,12354.714285714286,212047.41899999994,688342.0,220259.67142857114,656428.7142857143
Rajasthan,Ajmer,30-12-2020,AJMER,86.0,RAJASTHAN,8.0,231.96,514.0,,,11344.278999999999,24192.0,18657.95842857143,40679.0,212047.41899999994,688342.0,220259.67142857114,656428.7142857143
Rajasthan,Alwar,30-12-2020,ALWAR,87.0,RAJASTHAN,8.0,782.23,2610.0,,,11344.278999999999,24192.0,18657.95842857143,40679.0,212047.41899999994,688342.0,220259.67142857114,656428.7142857143
Rajasthan,Banswara,30-12-2020,BANSWARA,88.0,RAJASTHAN,8.0,512.2,933.0,,,11344.278999999999,24192.0,18657.95842857143,40679.0,212047.41899999994,688342.0,220259.67142857114,656428.7142857143
Rajasthan,Baran,30-12-2020,BARAN,89.0,RAJASTHAN,8.0,262.53499999999997,372.0,,,11344.278999999999,24192.0,18657.95842857143,40679.0,212047.41899999994,688342.0,220259.67142857114,656428.7142857143
Rajasthan,Barmer,30-12-2020,BARMER,90.0,RAJASTHAN,8.0,160.45999999999998,263.0,,,11344.278999999999,24192.0,18657.95842857143,40679.0,212047.41899999994,688342.0,220259.67142857114,656428.7142857143
Rajasthan,Bharatpur,30-12-2020,BHARATPUR,91.0,RAJASTHAN,8.0,544.2399999999998,991.0,,,11344.278999999999,24192.0,18657.95842857143,40679.0,212047.41899999994,688342.0,220259.67142857114,656428.7142857143
Rajasthan,Bhilwara,30-12-2020,BHILWARA,92.0,RAJASTHAN,8.0,663.6350000000002,1525.0,,,11344.278999999999,24192.0,18657.95842857143,40679.0,212047.41899999994,688342.0,220259.67142857114,656428.7142857143
Rajasthan,Bikaner,30-12-2020,BIKANER,93.0,RAJASTHAN,8.0,620.973,505.0,,,11344.278999999999,24192.0,18657.95842857143,40679.0,212047.41899999994,688342.0,220259.67142857114,656428.7142857143
Rajasthan,Bundi,30-12-2020,BUNDI,94.0,RAJASTHAN,8.0,413.835,745.0,,,11344.278999999999,24192.0,18657.95842857143,40679.0,212047.41899999994,688342.0,220259.67142857114,656428.7142857143
Rajasthan,Chittorgarh,30-12-2020,CHITTORGARH,95.0,RAJASTHAN,8.0,429.3400000000001,1154.0,,,11344.278999999999,24192.0,18657.95842857143,40679.0,212047.41899999994,688342.0,220259.67142857114,656428.7142857143
Rajasthan,Churu,30-12-2020,CHURU,96.0,RAJASTHAN,8.0,214.39499999999998,236.0,,,11344.278999999999,24192.0,18657.95842857143,40679.0,212047.41899999994,688342.0,220259.67142857114,656428.7142857143
Rajasthan,Dausa,30-12-2020,DAUSA,97.0,RAJASTHAN,8.0,299.45500000000004,685.0,,,11344.278999999999,24192.0,18657.95842857143,40679.0,212047.41899999994,688342.0,220259.67142857114,656428.7142857143
Rajasthan,Dholpur,30-12-2020,DHOLPUR,98.0,RAJASTHAN,8.0,298.5150000000001,876.0,,,11344.278999999999,24192.0,18657.95842857143,40679.0,212047.41899999994,688342.0,220259.67142857114,656428.7142857143
Rajasthan,Dungarpur,30-12-2020,DUNGARPUR,99.0,RAJASTHAN,8.0,86.26,474.0,,,11344.278999999999,24192.0,18657.95842857143,40679.0,212047.41899999994,688342.0,220259.67142857114,656428.7142857143
Rajasthan,Ganganagar,30-12-2020,GANGANAGAR,100.0,RAJASTHAN,8.0,966.5050000000005,1153.0,,,11344.278999999999,24192.0,18657.95842857143,40679.0,212047.41899999994,688342.0,220259.67142857114,656428.7142857143
Rajasthan,Hanumangarh,30-12-2020,HANUMANGARH,101.0,RAJASTHAN,8.0,810.0499999999994,1007.0,,,11344.278999999999,24192.0,18657.95842857143,40679.0,212047.41899999994,688342.0,220259.67142857114,656428.7142857143
Rajasthan,Jaipur,30-12-2020,JAIPUR,102.0,RAJASTHAN,8.0,335.9060000000002,1239.0,,,11344.278999999999,24192.0,18657.95842857143,40679.0,212047.41899999994,688342.0,220259.67142857114,656428.7142857143
Rajasthan,Jaisalmer,30-12-2020,JAISALMER,103.0,RAJASTHAN,8.0,259.21000000000004,280.0,,,11344.278999999999,24192.0,18657.95842857143,40679.0,212047.41899999994,688342.0,220259.67142857114,656428.7142857143
Rajasthan,Jalore,30-12-2020,JALORE,104.0,RAJASTHAN,8.0,162.61499999999998,292.0,,,11344.278999999999,24192.0,18657.95842857143,40679.0,212047.41899999994,688342.0,220259.67142857114,656428.7142857143
Rajasthan,Jhalawar,30-12-2020,JHALAWAR,105.0,RAJASTHAN,8.0,232.75,461.0,,,11344.278999999999,24192.0,18657.95842857143,40679.0,212047.41899999994,688342.0,220259.67142857114,656428.7142857143
Rajasthan,Jhunjhunu,30-12-2020,JHUNJHUNU,106.0,RAJASTHAN,8.0,111.48,407.0,,,11344.278999999999,24192.0,18657.95842857143,40679.0,212047.41899999994,688342.0,220259.67142857114,656428.7142857143
Rajasthan,Jodhpur,30-12-2020,JODHPUR,107.0,RAJASTHAN,8.0,440.5400000000003,663.0,,,11344.278999999999,24192.0,18657.95842857143,40679.0,212047.41899999994,688342.0,220259.67142857114,656428.7142857143
Rajasthan,Karauli,30-12-2020,KARAULI,108.0,RAJASTHAN,8.0,186.81500000000005,485.0,,,11344.278999999999,24192.0,18657.95842857143,40679.0,212047.41899999994,688342.0,220259.67142857114,656428.7142857143
Rajasthan,Kota,30-12-2020,KOTA,109.0,RAJASTHAN,8.0,373.90000000000026,519.0,,,11344.278999999999,24192.0,18657.95842857143,40679.0,212047.41899999994,688342.0,220259.67142857114,656428.7142857143
Rajasthan,Nagaur,30-12-2020,NAGAUR,110.0,RAJASTHAN,8.0,350.225,546.0,,,11344.278999999999,24192.0,18657.95842857143,40679.0,212047.41899999994,688342.0,220259.67142857114,656428.7142857143
Rajasthan,Pali,30-12-2020,PALI,111.0,RAJASTHAN,8.0,196.38500000000005,759.0,,,11344.278999999999,24192.0,18657.95842857143,40679.0,212047.41899999994,688342.0,220259.67142857114,656428.7142857143
Rajasthan,Pratapgarh,30-12-2020,PRATAPGARH,629.0,RAJASTHAN,8.0,258.81000000000006,594.0,,,11344.278999999999,24192.0,18657.95842857143,40679.0,212047.41899999994,688342.0,220259.67142857114,656428.7142857143
Rajasthan,Rajsamand,30-12-2020,RAJSAMAND,112.0,RAJASTHAN,8.0,96.88500000000002,696.0,,,11344.278999999999,24192.0,18657.95842857143,40679.0,212047.41899999994,688342.0,220259.67142857114,656428.7142857143
Rajasthan,Sawai Madhopur,30-12-2020,SAWAI MADHOPUR,113.0,RAJASTHAN,8.0,265.71000000000004,395.0,,,11344.278999999999,24192.0,18657.95842857143,40679.0,212047.41899999994,688342.0,220259.67142857114,656428.7142857143
Rajasthan,Sikar,30-12-2020,SIKAR,114.0,RAJASTHAN,8.0,242.86,685.0,,,11344.278999999999,24192.0,18657.95842857143,40679.0,212047.41899999994,688342.0,220259.67142857114,656428.7142857143
Rajasthan,Sirohi,30-12-2020,SIROHI,115.0,RAJASTHAN,8.0,196.445,940.0,,,11344.278999999999,24192.0,18657.95842857143,40679.0,212047.41899999994,688342.0,220259.67142857114,656428.7142857143
Rajasthan,Tonk,30-12-2020,TONK,116.0,RAJASTHAN,8.0,153.67499999999995,355.0,,,11344.278999999999,24192.0,18657.95842857143,40679.0,212047.41899999994,688342.0,220259.67142857114,656428.7142857143
Rajasthan,Udaipur,30-12-2020,UDAIPUR,117.0,RAJASTHAN,8.0,183.48000000000005,833.0,,,11344.278999999999,24192.0,18657.95842857143,40679.0,212047.41899999994,688342.0,220259.67142857114,656428.7142857143
Tamil Nadu,Ariyalur,30-12-2020,ARIYALUR,610.0,TAMIL NADU,33.0,131.91500000000002,636.0,,,6271.874999999999,23027.0,5767.694571428566,20062.85714285714,212047.41899999994,688342.0,220259.67142857114,656428.7142857143
Tamil Nadu,Coimbatore,30-12-2020,COIMBATORE,569.0,TAMIL NADU,33.0,169.54000000000002,525.0,,,6271.874999999999,23027.0,5767.694571428566,20062.85714285714,212047.41899999994,688342.0,220259.67142857114,656428.7142857143
Tamil Nadu,Cuddalore,30-12-2020,CUDDALORE,570.0,TAMIL NADU,33.0,268.565,666.0,,,6271.874999999999,23027.0,5767.694571428566,20062.85714285714,212047.41899999994,688342.0,220259.67142857114,656428.7142857143
Tamil Nadu,Dharmapuri,30-12-2020,DHARMAPURI,571.0,TAMIL NADU,33.0,144.158,634.0,,,6271.874999999999,23027.0,5767.694571428566,20062.85714285714,212047.41899999994,688342.0,220259.67142857114,656428.7142857143
Tamil Nadu,Dindigul,30-12-2020,DINDIGUL,572.0,TAMIL NADU,33.0,151.73500000000004,505.0,,,6271.874999999999,23027.0,5767.694571428566,20062.85714285714,212047.41899999994,688342.0,220259.67142857114,656428.7142857143
Tamil Nadu,Erode,30-12-2020,ERODE,573.0,TAMIL NADU,33.0,304.64,1290.0,,,6271.874999999999,23027.0,5767.694571428566,20062.85714285714,212047.41899999994,688342.0,220259.67142857114,656428.7142857143
Tamil Nadu,Kanchipuram,30-12-2020,KANCHIPURAM,574.0,TAMIL NADU,33.0,342.655,1303.0,,,6271.874999999999,23027.0,5767.694571428566,20062.85714285714,212047.41899999994,688342.0,220259.67142857114,656428.7142857143
Tamil Nadu,Kanniyakumari,30-12-2020,KANNIYAKUMARI,575.0,TAMIL NADU,33.0,106.85700000000006,535.0,,,6271.874999999999,23027.0,5767.694571428566,20062.85714285714,212047.41899999994,688342.0,220259.67142857114,656428.7142857143
Tamil Nadu,Karur,30-12-2020,KARUR,576.0,TAMIL NADU,33.0,47.370000000000005,207.0,,,6271.874999999999,23027.0,5767.694571428566,20062.85714285714,212047.41899999994,688342.0,220259.67142857114,656428.7142857143
Tamil Nadu,Krishnagiri,30-12-2020,KRISHNAGIRI,577.0,TAMIL NADU,33.0,156.61499999999998,536.0,,,6271.874999999999,23027.0,5767.694571428566,20062.85714285714,212047.41899999994,688342.0,220259.67142857114,656428.7142857143
Tamil Nadu,Madurai,30-12-2020,MADURAI,578.0,TAMIL NADU,33.0,141.815,582.0,,,6271.874999999999,23027.0,5767.694571428566,20062.85714285714,212047.41899999994,688342.0,220259.67142857114,656428.7142857143
Tamil Nadu,Nagapattinam,30-12-2020,NAGAPATTINAM,579.0,TAMIL NADU,33.0,84.80999999999999,201.0,,,6271.874999999999,23027.0,5767.694571428566,20062.85714285714,212047.41899999994,688342.0,220259.67142857114,656428.7142857143
Tamil Nadu,Namakkal,30-12-2020,NAMAKKAL,580.0,TAMIL NADU,33.0,182.83,704.0,,,6271.874999999999,23027.0,5767.694571428566,20062.85714285714,212047.41899999994,688342.0,220259.67142857114,656428.7142857143
Tamil Nadu,Perambalur,30-12-2020,PERAMBALUR,581.0,TAMIL NADU,33.0,50.75,222.0,,,6271.874999999999,23027.0,5767.694571428566,20062.85714285714,212047.41899999994,688342.0,220259.67142857114,656428.7142857143
Tamil Nadu,Pudukkottai,30-12-2020,PUDUKKOTTAI,582.0,TAMIL NADU,33.0,141.83999999999997,494.0,,,6271.874999999999,23027.0,5767.694571428566,20062.85714285714,212047.41899999994,688342.0,220259.67142857114,656428.7142857143
Tamil Nadu,Ramanathapuram,30-12-2020,RAMANATHAPURAM,583.0,TAMIL NADU,33.0,200.1999999999999,853.0,,,6271.874999999999,23027.0,5767.694571428566,20062.85714285714,212047.41899999994,688342.0,220259.67142857114,656428.7142857143
Tamil Nadu,Salem,30-12-2020,SALEM,584.0,TAMIL NADU,33.0,318.50500000000017,1490.0,,,6271.874999999999,23027.0,5767.694571428566,20062.85714285714,212047.41899999994,688342.0,220259.67142857114,656428.7142857143
Tamil Nadu,Sivaganga,30-12-2020,SIVAGANGA,585.0,TAMIL NADU,33.0,65.32999999999998,311.0,,,6271.874999999999,23027.0,5767.694571428566,20062.85714285714,212047.41899999994,688342.0,220259.67142857114,656428.7142857143
Tamil Nadu,Thanjavur,30-12-2020,THANJAVUR,586.0,TAMIL NADU,33.0,429.305,845.0,,,6271.874999999999,23027.0,5767.694571428566,20062.85714285714,212047.41899999994,688342.0,220259.67142857114,656428.7142857143
Tamil Nadu,The Nilgiris,30-12-2020,THE NILGIRIS,587.0,TAMIL NADU,33.0,9.320000000000002,27.0,,,6271.874999999999,23027.0,5767.694571428566,20062.85714285714,212047.41899999994,688342.0,220259.67142857114,656428.7142857143
Tamil Nadu,Theni,30-12-2020,THENI,588.0,TAMIL NADU,33.0,85.03999999999998,480.0,,,6271.874999999999,23027.0,5767.694571428566,20062.85714285714,212047.41899999994,688342.0,220259.67142857114,656428.7142857143
Tamil Nadu,Thiruvallur,30-12-2020,THIRUVALLUR,589.0,TAMIL NADU,33.0,158.508,302.0,,,6271.874999999999,23027.0,5767.694571428566,20062.85714285714,212047.41899999994,688342.0,220259.67142857114,656428.7142857143
Tamil Nadu,Thiruvarur,30-12-2020,THIRUVARUR,590.0,TAMIL NADU,33.0,81.35000000000001,155.0,,,6271.874999999999,23027.0,5767.694571428566,20062.85714285714,212047.41899999994,688342.0,220259.67142857114,656428.7142857143
Tamil Nadu,Thoothukkudi,30-12-2020,,,,,159.29,666.0,,,6271.874999999999,23027.0,5767.694571428566,20062.85714285714,212047.41899999994,688342.0,220259.67142857114,656428.7142857143
Tamil Nadu,Tiruchirappalli,30-12-2020,TIRUCHIRAPPALLI,591.0,TAMIL NADU,33.0,214.46999999999994,764.0,,,6271.874999999999,23027.0,5767.694571428566,20062.85714285714,212047.41899999994,688342.0,220259.67142857114,656428.7142857143
Tamil Nadu,Tirunelveli,30-12-2020,TIRUNELVELI,592.0,TAMIL NADU,33.0,336.00800000000015,1351.0,,,6271.874999999999,23027.0,5767.694571428566,20062.85714285714,212047.41899999994,688342.0,220259.67142857114,656428.7142857143
Tamil Nadu,Tiruppur,30-12-2020,TIRUPPUR,634.0,TAMIL NADU,33.0,178.68000000000004,700.0,,,6271.874999999999,23027.0,5767.694571428566,20062.85714285714,212047.41899999994,688342.0,220259.67142857114,656428.7142857143
Tamil Nadu,Tiruvannamalai,30-12-2020,TIRUVANNAMALAI,593.0,TAMIL NADU,33.0,557.4290000000001,2284.0,,,6271.874999999999,23027.0,5767.694571428566,20062.85714285714,212047.41899999994,688342.0,220259.67142857114,656428.7142857143
Tamil Nadu,Vellore,30-12-2020,VELLORE,595.0,TAMIL NADU,33.0,385.33000000000027,1442.0,,,6271.874999999999,23027.0,5767.694571428566,20062.85714285714,212047.41899999994,688342.0,220259.67142857114,656428.7142857143
Tamil Nadu,Villupuram,30-12-2020,VILLUPURAM,596.0,TAMIL NADU,33.0,604.5349999999999,1841.0,,,6271.874999999999,23027.0,5767.694571428566,20062.85714285714,212047.41899999994,688342.0,220259.67142857114,656428.7142857143
Tamil Nadu,Virudhunagar,30-12-2020,VIRUDHUNAGAR,597.0,TAMIL NADU,33.0,62.48,476.0,,,6271.874999999999,23027.0,5767.694571428566,20062.85714285714,212047.41899999994,688342.0,220259.67142857114,656428.7142857143
Telangana,Adilabad,30-12-2020,ADILABAD,501.0,TELANGANA,36.0,103.89500000000001,300.0,,,9513.349,23033.0,4169.08757142857,10840.57142857143,212047.41899999994,688342.0,220259.67142857114,656428.7142857143
Telangana,Bhadradri,30-12-2020,,,,,365.6299999999998,1532.0,,,9513.349,23033.0,4169.08757142857,10840.57142857143,212047.41899999994,688342.0,220259.67142857114,656428.7142857143
Telangana,Hyderabad,30-12-2020,HYDERABAD,507.0,TELANGANA,36.0,10.5,23.0,,,9513.349,23033.0,4169.08757142857,10840.57142857143,212047.41899999994,688342.0,220259.67142857114,656428.7142857143
Telangana,Jagitial,30-12-2020,,,,,274.9550000000001,701.0,,,9513.349,23033.0,4169.08757142857,10840.57142857143,212047.41899999994,688342.0,220259.67142857114,656428.7142857143
Telangana,Jangoan,30-12-2020,JANGOAN,689.0,TELANGANA,36.0,216.16000000000008,580.0,,,9513.349,23033.0,4169.08757142857,10840.57142857143,212047.41899999994,688342.0,220259.67142857114,656428.7142857143
Telangana,Jayashankar,30-12-2020,,,,,319.98999999999995,471.0,,,9513.349,23033.0,4169.08757142857,10840.57142857143,212047.41899999994,688342.0,220259.67142857114,656428.7142857143
Telangana,Jogulamba,30-12-2020,,,,,223.51,338.0,,,9513.349,23033.0,4169.08757142857,10840.57142857143,212047.41899999994,688342.0,220259.67142857114,656428.7142857143
Telangana,Kamareddy,30-12-2020,KAMAREDDY,685.0,TELANGANA,36.0,460.96,744.0,,,9513.349,23033.0,4169.08757142857,10840.57142857143,212047.41899999994,688342.0,220259.67142857114,656428.7142857143
Telangana,Karimnagar,30-12-2020,KARIMNAGAR,508.0,TELANGANA,36.0,527.6099999999998,1415.0,,,9513.349,23033.0,4169.08757142857,10840.57142857143,212047.41899999994,688342.0,220259.67142857114,656428.7142857143
Telangana,Khammam,30-12-2020,KHAMMAM,509.0,TELANGANA,36.0,634.8440000000002,2450.0,,,9513.349,23033.0,4169.08757142857,10840.57142857143,212047.41899999994,688342.0,220259.67142857114,656428.7142857143
Telangana,Komaram Bheem Asifabad,30-12-2020,,,,,12.470000000000002,51.0,,,9513.349,23033.0,4169.08757142857,10840.57142857143,212047.41899999994,688342.0,220259.67142857114,656428.7142857143
Telangana,MULUGU,30-12-2020,MULUGU,720.0,TELANGANA,36.0,0.0,0.0,,,9513.349,23033.0,4169.08757142857,10840.57142857143,212047.41899999994,688342.0,220259.67142857114,656428.7142857143
Telangana,Mahabubabad,30-12-2020,MAHABUBABAD,688.0,TELANGANA,36.0,357.84000000000003,882.0,,,9513.349,23033.0,4169.08757142857,10840.57142857143,212047.41899999994,688342.0,220259.67142857114,656428.7142857143
Telangana,Mahbubnagar,30-12-2020,,,,,283.33499999999987,973.0,,,9513.349,23033.0,4169.08757142857,10840.57142857143,212047.41899999994,688342.0,220259.67142857114,656428.7142857143
Telangana,Mancherial,30-12-2020,MANCHERIAL,684.0,TELANGANA,36.0,102.37999999999998,405.0,,,9513.349,23033.0,4169.08757142857,10840.57142857143,212047.41899999994,688342.0,220259.67142857114,656428.7142857143
Telangana,Medak,30-12-2020,MEDAK,513.0,TELANGANA,36.0,370.40999999999997,494.0,,,9513.349,23033.0,4169.08757142857,10840.57142857143,212047.41899999994,688342.0,220259.67142857114,656428.7142857143
Telangana,Medchal,30-12-2020,,,,,40.79999999999998,213.0,,,9513.349,23033.0,4169.08757142857,10840.57142857143,212047.41899999994,688342.0,220259.67142857114,656428.7142857143
Telangana,Nagarkurnool,30-12-2020,NAGARKURNOOL,694.0,TELANGANA,36.0,104.93,260.0,,,9513.349,23033.0,4169.08757142857,10840.57142857143,212047.41899999994,688342.0,220259.67142857114,656428.7142857143
Telangana,Nalgonda,30-12-2020,NALGONDA,514.0,TELANGANA,36.0,836.6399999999999,1265.0,,,9513.349,23033.0,4169.08757142857,10840.57142857143,212047.41899999994,688342.0,220259.67142857114,656428.7142857143
Telangana,Narayanpet,30-12-2020,NARAYANPET,721.0,TELANGANA,36.0,0.0,0.0,,,9513.349,23033.0,4169.08757142857,10840.57142857143,212047.41899999994,688342.0,220259.67142857114,656428.7142857143
Telangana,Nirmal,30-12-2020,NIRMAL,680.0,TELANGANA,36.0,209.68999999999997,450.0,,,9513.349,23033.0,4169.08757142857,10840.57142857143,212047.41899999994,688342.0,220259.67142857114,656428.7142857143
Telangana,Nizamabad,30-12-2020,NIZAMABAD,516.0,TELANGANA,36.0,930.0600000000003,1846.0,,,9513.349,23033.0,4169.08757142857,10840.57142857143,212047.41899999994,688342.0,220259.67142857114,656428.7142857143
Telangana,Peddapalli,30-12-2020,PEDDAPALLI,682.0,TELANGANA,36.0,303.68500000000006,601.0,,,9513.349,23033.0,4169.08757142857,10840.57142857143,212047.41899999994,688342.0,220259.67142857114,656428.7142857143
Telangana,Rajanna,30-12-2020,,,,,184.94500000000002,395.0,,,9513.349,23033.0,4169.08757142857,10840.57142857143,212047.41899999994,688342.0,220259.67142857114,656428.7142857143
Telangana,Rangareddy,30-12-2020,RANGAREDDY,518.0,TELANGANA,36.0,189.94500000000005,931.0,,,9513.349,23033.0,4169.08757142857,10840.57142857143,212047.41899999994,688342.0,220259.67142857114,656428.7142857143
Telangana,Sangareddy,30-12-2020,SANGAREDDY,691.0,TELANGANA,36.0,182.835,525.0,,,9513.349,23033.0,4169.08757142857,10840.57142857143,212047.41899999994,688342.0,220259.67142857114,656428.7142857143
Telangana,Siddipet,30-12-2020,SIDDIPET,692.0,TELANGANA,36.0,351.265,776.0,,,9513.349,23033.0,4169.08757142857,10840.57142857143,212047.41899999994,688342.0,220259.67142857114,656428.7142857143
Telangana,Suryapet,30-12-2020,SURYAPET,696.0,TELANGANA,36.0,880.7499999999999,1574.0,,,9513.349,23033.0,4169.08757142857,10840.57142857143,212047.41899999994,688342.0,220259.67142857114,656428.7142857143
Telangana,Vikarabad,30-12-2020,VIKARABAD,698.0,TELANGANA,36.0,129.36,457.0,,,9513.349,23033.0,4169.08757142857,10840.57142857143,212047.41899999994,688342.0,220259.67142857114,656428.7142857143
Telangana,Wanaparthy,30-12-2020,WANAPARTHY,693.0,TELANGANA,36.0,133.18000000000004,241.0,,,9513.349,23033.0,4169.08757142857,10840.57142857143,212047.41899999994,688342.0,220259.67142857114,656428.7142857143
Telangana,Warangal Rural,30-12-2020,,,,,200.38000000000002,481.0,,,9513.349,23033.0,4169.08757142857,10840.57142857143,212047.41899999994,688342.0,220259.67142857114,656428.7142857143
Telangana,Warangal Urban,30-12-2020,,,,,172.48,524.0,,,9513.349,23033.0,4169.08757142857,10840.57142857143,212047.41899999994,688342.0,220259.67142857114,656428.7142857143
Telangana,Yadadri,30-12-2020,,,,,397.915,1135.0,,,9513.349,23033.0,4169.08757142857,10840.57142857143,212047.41899999994,688342.0,220259.67142857114,656428.7142857143
Tripura,Dhalai,30-12-2020,DHALAI,269.0,TRIPURA,16.0,0.0,0.0,,,117.65500000000002,45.0,77.87542857142871,41.57142857142857,212047.41899999994,688342.0,220259.67142857114,656428.7142857143
Tripura,North Tripura,30-12-2020,NORTH TRIPURA,270.0,TRIPURA,16.0,12.2,6.0,,,117.65500000000002,45.0,77.87542857142871,41.57142857142857,212047.41899999994,688342.0,220259.67142857114,656428.7142857143
Tripura,South Tripura,30-12-2020,SOUTH TRIPURA,271.0,TRIPURA,16.0,0.0,0.0,,,117.65500000000002,45.0,77.87542857142871,41.57142857142857,212047.41899999994,688342.0,220259.67142857114,656428.7142857143
Tripura,West Tripura,30-12-2020,WEST TRIPURA,272.0,TRIPURA,16.0,105.45500000000001,39.0,,,117.65500000000002,45.0,77.87542857142871,41.57142857142857,212047.41899999994,688342.0,220259.67142857114,656428.7142857143
Uttar Pradesh,Agra,30-12-2020,AGRA,118.0,UTTAR PRADESH,9.0,754.8950000000006,2224.0,,,52119.832,262616.0,42797.75542857138,219955.85714285713,212047.41899999994,688342.0,220259.67142857114,656428.7142857143
Uttar Pradesh,Aligarh,30-12-2020,ALIGARH,119.0,UTTAR PRADESH,9.0,812.6650000000005,3845.0,,,52119.832,262616.0,42797.75542857138,219955.85714285713,212047.41899999994,688342.0,220259.67142857114,656428.7142857143
Uttar Pradesh,Allahabad,30-12-2020,,,,,1564.2399999999993,5266.0,,,52119.832,262616.0,42797.75542857138,219955.85714285713,212047.41899999994,688342.0,220259.67142857114,656428.7142857143
Uttar Pradesh,Ambedkar Nagar,30-12-2020,AMBEDKAR NAGAR,121.0,UTTAR PRADESH,9.0,708.3950000000004,5702.0,,,52119.832,262616.0,42797.75542857138,219955.85714285713,212047.41899999994,688342.0,220259.67142857114,656428.7142857143
Uttar Pradesh,Amethi,30-12-2020,AMETHI,640.0,UTTAR PRADESH,9.0,601.21,3737.0,,,52119.832,262616.0,42797.75542857138,219955.85714285713,212047.41899999994,688342.0,220259.67142857114,656428.7142857143
Uttar Pradesh,Auraiya,30-12-2020,AURAIYA,122.0,UTTAR PRADESH,9.0,726.7449999999993,3383.0,,,52119.832,262616.0,42797.75542857138,219955.85714285713,212047.41899999994,688342.0,220259.67142857114,656428.7142857143
Uttar Pradesh,Azamgarh,30-12-2020,AZAMGARH,123.0,UTTAR PRADESH,9.0,1035.8949999999995,6771.0,,,52119.832,262616.0,42797.75542857138,219955.85714285713,212047.41899999994,688342.0,220259.67142857114,656428.7142857143
Uttar Pradesh,Baghpat,30-12-2020,BAGHPAT,124.0,UTTAR PRADESH,9.0,203.83499999999992,1108.0,,,52119.832,262616.0,42797.75542857138,219955.85714285713,212047.41899999994,688342.0,220259.67142857114,656428.7142857143
Uttar Pradesh,Bahraich,30-12-2020,BAHRAICH,125.0,UTTAR PRADESH,9.0,840.3649999999996,5536.0,,,52119.832,262616.0,42797.75542857138,219955.85714285713,212047.41899999994,688342.0,220259.67142857114,656428.7142857143
Uttar Pradesh,Ballia,30-12-2020,BALLIA,126.0,UTTAR PRADESH,9.0,565.9000000000002,2721.0,,,52119.832,262616.0,42797.75542857138,219955.85714285713,212047.41899999994,688342.0,220259.67142857114,656428.7142857143
Uttar Pradesh,Balrampur,30-12-2020,BALRAMPUR,127.0,UTTAR PRADESH,9.0,433.70500000000015,3020.0,,,52119.832,262616.0,42797.75542857138,219955.85714285713,212047.41899999994,688342.0,220259.67142857114,656428.7142857143
Uttar Pradesh,Banda,30-12-2020,BANDA,128.0,UTTAR PRADESH,9.0,372.20499999999987,2618.0,,,52119.832,262616.0,42797.75542857138,219955.85714285713,212047.41899999994,688342.0,220259.67142857114,656428.7142857143
Uttar Pradesh,Barabanki,30-12-2020,BARABANKI,129.0,UTTAR PRADESH,9.0,1202.3000000000006,6136.0,,,52119.832,262616.0,42797.75542857138,219955.85714285713,212047.41899999994,688342.0,220259.67142857114,656428.7142857143
Uttar Pradesh,Bareilly,30-12-2020,BAREILLY,130.0,UTTAR PRADESH,9.0,842.8450000000004,6194.0,,,52119.832,262616.0,42797.75542857138,219955.85714285713,212047.41899999994,688342.0,220259.67142857114,656428.7142857143
Uttar Pradesh,Basti,30-12-2020,BASTI,131.0,UTTAR PRADESH,9.0,1087.9150000000002,6010.0,,,52119.832,262616.0,42797.75542857138,219955.85714285713,212047.41899999994,688342.0,220259.67142857114,656428.7142857143
Uttar Pradesh,Bijnor,30-12-2020,BIJNOR,132.0,UTTAR PRADESH,9.0,384.41999999999973,1973.0,,,52119.832,262616.0,42797.75542857138,219955.85714285713,212047.41899999994,688342.0,220259.67142857114,656428.7142857143
Uttar Pradesh,Budaun,30-12-2020,BUDAUN,133.0,UTTAR PRADESH,9.0,891.5030000000007,4631.0,,,52119.832,262616.0,42797.75542857138,219955.85714285713,212047.41899999994,688342.0,220259.67142857114,656428.7142857143
Uttar Pradesh,Bulandshahr,30-12-2020,BULANDSHAHR,134.0,UTTAR PRADESH,9.0,771.5470000000003,3478.0,,,52119.832,262616.0,42797.75542857138,219955.85714285713,212047.41899999994,688342.0,220259.67142857114,656428.7142857143
Uttar Pradesh,Chandauli,30-12-2020,CHANDAULI,135.0,UTTAR PRADESH,9.0,402.0699999999999,1945.0,,,52119.832,262616.0,42797.75542857138,219955.85714285713,212047.41899999994,688342.0,220259.67142857114,656428.7142857143
Uttar Pradesh,Chitrakoot,30-12-2020,CHITRAKOOT,136.0,UTTAR PRADESH,9.0,302.06999999999994,1736.0,,,52119.832,262616.0,42797.75542857138,219955.85714285713,212047.41899999994,688342.0,220259.67142857114,656428.7142857143
Uttar Pradesh,Deoria,30-12-2020,DEORIA,137.0,UTTAR PRADESH,9.0,676.3699999999997,3750.0,,,52119.832,262616.0,42797.75542857138,219955.85714285713,212047.41899999994,688342.0,220259.67142857114,656428.7142857143
Uttar Pradesh,Etah,30-12-2020,ETAH,138.0,UTTAR PRADESH,9.0,996.785,4128.0,,,52119.832,262616.0,42797.75542857138,219955.85714285713,212047.41899999994,688342.0,220259.67142857114,656428.7142857143
Uttar Pradesh,Etawah,30-12-2020,ETAWAH,139.0,UTTAR PRADESH,9.0,511.4150000000002,3033.0,,,52119.832,262616.0,42797.75542857138,219955.85714285713,212047.41899999994,688342.0,220259.67142857114,656428.7142857143
Uttar Pradesh,Faizabad,30-12-2020,FAIZABAD,140.0,UTTAR PRADESH,9.0,651.9249999999996,4632.0,,,52119.832,262616.0,42797.75542857138,219955.85714285713,212047.41899999994,688342.0,220259.67142857114,656428.7142857143
Uttar Pradesh,Farrukhabad,30-12-2020,FARRUKHABAD,141.0,UTTAR PRADESH,9.0,729.9550000000002,2532.0,,,52119.832,262616.0,42797.75542857138,219955.85714285713,212047.41899999994,688342.0,220259.67142857114,656428.7142857143
Uttar Pradesh,Fatehpur,30-12-2020,FATEHPUR,142.0,UTTAR PRADESH,9.0,1331.13,5623.0,,,52119.832,262616.0,42797.75542857138,219955.85714285713,212047.41899999994,688342.0,220259.67142857114,656428.7142857143
Uttar Pradesh,Firozabad,30-12-2020,FIROZABAD,143.0,UTTAR PRADESH,9.0,898.0349999999999,2936.0,,,52119.832,262616.0,42797.75542857138,219955.85714285713,212047.41899999994,688342.0,220259.67142857114,656428.7142857143
Uttar Pradesh,Gautam Buddha Nagar,30-12-2020,GAUTAM BUDDHA NAGAR,144.0,UTTAR PRADESH,9.0,184.95999999999998,797.0,,,52119.832,262616.0,42797.75542857138,219955.85714285713,212047.41899999994,688342.0,220259.67142857114,656428.7142857143
Uttar Pradesh,Ghaziabad,30-12-2020,GHAZIABAD,145.0,UTTAR PRADESH,9.0,111.40000000000003,707.0,,,52119.832,262616.0,42797.75542857138,219955.85714285713,212047.41899999994,688342.0,220259.67142857114,656428.7142857143
Uttar Pradesh,Ghazipur,30-12-2020,GHAZIPUR,146.0,UTTAR PRADESH,9.0,683.565,3243.0,,,52119.832,262616.0,42797.75542857138,219955.85714285713,212047.41899999994,688342.0,220259.67142857114,656428.7142857143
Uttar Pradesh,Gonda,30-12-2020,GONDA,147.0,UTTAR PRADESH,9.0,936.4870000000006,5680.0,,,52119.832,262616.0,42797.75542857138,219955.85714285713,212047.41899999994,688342.0,220259.67142857114,656428.7142857143
Uttar Pradesh,Gorakhpur,30-12-2020,GORAKHPUR,148.0,UTTAR PRADESH,9.0,1008.8539999999998,5037.0,,,52119.832,262616.0,42797.75542857138,219955.85714285713,212047.41899999994,688342.0,220259.67142857114,656428.7142857143
Uttar Pradesh,Hamirpur,30-12-2020,HAMIRPUR,149.0,UTTAR PRADESH,9.0,416.8349999999999,1663.0,,,52119.832,262616.0,42797.75542857138,219955.85714285713,212047.41899999994,688342.0,220259.67142857114,656428.7142857143
Uttar Pradesh,Hapur,30-12-2020,HAPUR,661.0,UTTAR PRADESH,9.0,192.48499999999987,915.0,,,52119.832,262616.0,42797.75542857138,219955.85714285713,212047.41899999994,688342.0,220259.67142857114,656428.7142857143
Uttar Pradesh,Hardoi,30-12-2020,HARDOI,150.0,UTTAR PRADESH,9.0,1381.1849999999986,7110.0,,,52119.832,262616.0,42797.75542857138,219955.85714285713,212047.41899999994,688342.0,220259.67142857114,656428.7142857143
Uttar Pradesh,Jalaun,30-12-2020,JALAUN,151.0,UTTAR PRADESH,9.0,552.975,2479.0,,,52119.832,262616.0,42797.75542857138,219955.85714285713,212047.41899999994,688342.0,220259.67142857114,656428.7142857143
Uttar Pradesh,Jaunpur,30-12-2020,JAUNPUR,152.0,UTTAR PRADESH,9.0,1070.2,5682.0,,,52119.832,262616.0,42797.75542857138,219955.85714285713,212047.41899999994,688342.0,220259.67142857114,656428.7142857143
Uttar Pradesh,Jhansi,30-12-2020,JHANSI,153.0,UTTAR PRADESH,9.0,507.54,2170.0,,,52119.832,262616.0,42797.75542857138,219955.85714285713,212047.41899999994,688342.0,220259.67142857114,656428.7142857143
Uttar Pradesh,Jyotiba Phule Nagar,30-12-2020,,,,,334.39499999999975,2142.0,,,52119.832,262616.0,42797.75542857138,219955.85714285713,212047.41899999994,688342.0,220259.67142857114,656428.7142857143
Uttar Pradesh,Kannauj,30-12-2020,KANNAUJ,155.0,UTTAR PRADESH,9.0,718.7350000000009,2112.0,,,52119.832,262616.0,42797.75542857138,219955.85714285713,212047.41899999994,688342.0,220259.67142857114,656428.7142857143
Uttar Pradesh,Kanpur Dehat,30-12-2020,KANPUR DEHAT,156.0,UTTAR PRADESH,9.0,766.1500000000002,2949.0,,,52119.832,262616.0,42797.75542857138,219955.85714285713,212047.41899999994,688342.0,220259.67142857114,656428.7142857143
Uttar Pradesh,Kanpur Nagar,30-12-2020,KANPUR NAGAR,157.0,UTTAR PRADESH,9.0,813.7250000000004,3798.0,,,52119.832,262616.0,42797.75542857138,219955.85714285713,212047.41899999994,688342.0,220259.67142857114,656428.7142857143
Uttar Pradesh,Kanshiram Nagar,30-12-2020,,,,,667.6149999999998,3340.0,,,52119.832,262616.0,42797.75542857138,219955.85714285713,212047.41899999994,688342.0,220259.67142857114,656428.7142857143
Uttar Pradesh,Kaushambi,30-12-2020,KAUSHAMBI,158.0,UTTAR PRADESH,9.0,899.8900000000003,2937.0,,,52119.832,262616.0,42797.75542857138,219955.85714285713,212047.41899999994,688342.0,220259.67142857114,656428.7142857143
Uttar Pradesh,Kheri,30-12-2020,KHERI,159.0,UTTAR PRADESH,9.0,1339.3950000000002,8044.0,,,52119.832,262616.0,42797.75542857138,219955.85714285713,212047.41899999994,688342.0,220259.67142857114,656428.7142857143
Uttar Pradesh,Kushi Nagar,30-12-2020,,,,,587.3350000000003,4138.0,,,52119.832,262616.0,42797.75542857138,219955.85714285713,212047.41899999994,688342.0,220259.67142857114,656428.7142857143
Uttar Pradesh,Lalitpur,30-12-2020,LALITPUR,161.0,UTTAR PRADESH,9.0,573.41,1146.0,,,52119.832,262616.0,42797.75542857138,219955.85714285713,212047.41899999994,688342.0,220259.67142857114,656428.7142857143
Uttar Pradesh,Lucknow,30-12-2020,LUCKNOW,162.0,UTTAR PRADESH,9.0,540.6810000000003,3966.0,,,52119.832,262616.0,42797.75542857138,219955.85714285713,212047.41899999994,688342.0,220259.67142857114,656428.7142857143
Uttar Pradesh,Mahamaya Nagar,30-12-2020,,,,,522.2400000000002,3105.0,,,52119.832,262616.0,42797.75542857138,219955.85714285713,212047.41899999994,688342.0,220259.67142857114,656428.7142857143
Uttar Pradesh,Maharajganj,30-12-2020,MAHARAJGANJ,164.0,UTTAR PRADESH,9.0,846.1079999999998,4060.0,,,52119.832,262616.0,42797.75542857138,219955.85714285713,212047.41899999994,688342.0,220259.67142857114,656428.7142857143
Uttar Pradesh,Mahoba,30-12-2020,MAHOBA,165.0,UTTAR PRADESH,9.0,173.74500000000006,958.0,,,52119.832,262616.0,42797.75542857138,219955.85714285713,212047.41899999994,688342.0,220259.67142857114,656428.7142857143
Uttar Pradesh,Mainpuri,30-12-2020,MAINPURI,166.0,UTTAR PRADESH,9.0,1331.1059999999993,4042.0,,,52119.832,262616.0,42797.75542857138,219955.85714285713,212047.41899999994,688342.0,220259.67142857114,656428.7142857143
Uttar Pradesh,Mathura,30-12-2020,MATHURA,167.0,UTTAR PRADESH,9.0,887.9100000000002,1965.0,,,52119.832,262616.0,42797.75542857138,219955.85714285713,212047.41899999994,688342.0,220259.67142857114,656428.7142857143
Uttar Pradesh,Mau,30-12-2020,MAU,168.0,UTTAR PRADESH,9.0,436.82500000000016,2244.0,,,52119.832,262616.0,42797.75542857138,219955.85714285713,212047.41899999994,688342.0,220259.67142857114,656428.7142857143
Uttar Pradesh,Meerut,30-12-2020,MEERUT,169.0,UTTAR PRADESH,9.0,360.23499999999984,1524.0,,,52119.832,262616.0,42797.75542857138,219955.85714285713,212047.41899999994,688342.0,220259.67142857114,656428.7142857143
Uttar Pradesh,Mirzapur,30-12-2020,MIRZAPUR,170.0,UTTAR PRADESH,9.0,602.6200000000001,3472.0,,,52119.832,262616.0,42797.75542857138,219955.85714285713,212047.41899999994,688342.0,220259.67142857114,656428.7142857143
Uttar Pradesh,Moradabad,30-12-2020,MORADABAD,171.0,UTTAR PRADESH,9.0,302.7950000000003,2367.0,,,52119.832,262616.0,42797.75542857138,219955.85714285713,212047.41899999994,688342.0,220259.67142857114,656428.7142857143
Uttar Pradesh,Muzaffarnagar,30-12-2020,MUZAFFARNAGAR,172.0,UTTAR PRADESH,9.0,318.74999999999983,1951.0,,,52119.832,262616.0,42797.75542857138,219955.85714285713,212047.41899999994,688342.0,220259.67142857114,656428.7142857143
Uttar Pradesh,Pilibhit,30-12-2020,PILIBHIT,173.0,UTTAR PRADESH,9.0,865.1500000000004,4582.0,,,52119.832,262616.0,42797.75542857138,219955.85714285713,212047.41899999994,688342.0,220259.67142857114,656428.7142857143
Uttar Pradesh,Pratapgarh,30-12-2020,PRATAPGARH,174.0,UTTAR PRADESH,9.0,938.98,4183.0,,,52119.832,262616.0,42797.75542857138,219955.85714285713,212047.41899999994,688342.0,220259.67142857114,656428.7142857143
Uttar Pradesh,Rae Bareli,30-12-2020,RAE BARELI,175.0,UTTAR PRADESH,9.0,1184.8450000000007,7281.0,,,52119.832,262616.0,42797.75542857138,219955.85714285713,212047.41899999994,688342.0,220259.67142857114,656428.7142857143
Uttar Pradesh,Rampur,30-12-2020,RAMPUR,176.0,UTTAR PRADESH,9.0,426.2550000000003,2900.0,,,52119.832,262616.0,42797.75542857138,219955.85714285713,212047.41899999994,688342.0,220259.67142857114,656428.7142857143
Uttar Pradesh,Saharanpur,30-12-2020,SAHARANPUR,177.0,UTTAR PRADESH,9.0,597.2650000000006,2703.0,,,52119.832,262616.0,42797.75542857138,219955.85714285713,212047.41899999994,688342.0,220259.67142857114,656428.7142857143
Uttar Pradesh,Sambhal,30-12-2020,SAMBHAL,659.0,UTTAR PRADESH,9.0,664.6809999999999,3174.0,,,52119.832,262616.0,42797.75542857138,219955.85714285713,212047.41899999994,688342.0,220259.67142857114,656428.7142857143
Uttar Pradesh,Sant Kabeer Nagar,30-12-2020,SANT KABEER NAGAR,178.0,UTTAR PRADESH,9.0,513.2350000000002,4331.0,,,52119.832,262616.0,42797.75542857138,219955.85714285713,212047.41899999994,688342.0,220259.67142857114,656428.7142857143
Uttar Pradesh,Sant Ravidas Nagar,30-12-2020,,,,,181.35999999999993,1362.0,,,52119.832,262616.0,42797.75542857138,219955.85714285713,212047.41899999994,688342.0,220259.67142857114,656428.7142857143
Uttar Pradesh,Shahjahanpur,30-12-2020,SHAHJAHANPUR,180.0,UTTAR PRADESH,9.0,1524.4550000000002,5702.0,,,52119.832,262616.0,42797.75542857138,219955.85714285713,212047.41899999994,688342.0,220259.67142857114,656428.7142857143
Uttar Pradesh,Shamli,30-12-2020,SHAMLI,660.0,UTTAR PRADESH,9.0,225.65500000000003,918.0,,,52119.832,262616.0,42797.75542857138,219955.85714285713,212047.41899999994,688342.0,220259.67142857114,656428.7142857143
Uttar Pradesh,Shravasti,30-12-2020,SHRAVASTI,181.0,UTTAR PRADESH,9.0,340.2450000000001,2379.0,,,52119.832,262616.0,42797.75542857138,219955.85714285713,212047.41899999994,688342.0,220259.67142857114,656428.7142857143
Uttar Pradesh,Siddharth Nagar,30-12-2020,SIDDHARTH NAGAR,182.0,UTTAR PRADESH,9.0,1003.0029999999991,4143.0,,,52119.832,262616.0,42797.75542857138,219955.85714285713,212047.41899999994,688342.0,220259.67142857114,656428.7142857143
Uttar Pradesh,Sitapur,30-12-2020,SITAPUR,183.0,UTTAR PRADESH,9.0,1080.6850000000009,5129.0,,,52119.832,262616.0,42797.75542857138,219955.85714285713,212047.41899999994,688342.0,220259.67142857114,656428.7142857143
Uttar Pradesh,Sonbhadra,30-12-2020,SONBHADRA,184.0,UTTAR PRADESH,9.0,253.575,1317.0,,,52119.832,262616.0,42797.75542857138,219955.85714285713,212047.41899999994,688342.0,220259.67142857114,656428.7142857143
Uttar Pradesh,Sultanpur,30-12-2020,SULTANPUR,185.0,UTTAR PRADESH,9.0,554.3899999999998,3313.0,,,52119.832,262616.0,42797.75542857138,219955.85714285713,212047.41899999994,688342.0,220259.67142857114,656428.7142857143
Uttar Pradesh,Unnao,30-12-2020,UNNAO,186.0,UTTAR PRADESH,9.0,1010.8850000000003,5107.0,,,52119.832,262616.0,42797.75542857138,219955.85714285713,212047.41899999994,688342.0,220259.67142857114,656428.7142857143
Uttar Pradesh,Varanasi,30-12-2020,VARANASI,187.0,UTTAR PRADESH,9.0,384.6769999999999,3681.0,,,52119.832,262616.0,42797.75542857138,219955.85714285713,212047.41899999994,688342.0,220259.67142857114,656428.7142857143
Uttarakhand,Almora,30-12-2020,,,,,2.175,20.0,,,965.9649999999998,2244.0,1169.2085714285715,2546.714285714286,212047.41899999994,688342.0,220259.67142857114,656428.7142857143
Uttarakhand,Bageshwar,30-12-2020,,,,,6.364999999999999,15.0,,,965.9649999999998,2244.0,1169.2085714285715,2546.714285714286,212047.41899999994,688342.0,220259.67142857114,656428.7142857143
Uttarakhand,Chamoli,30-12-2020,,,,,0.545,7.0,,,965.9649999999998,2244.0,1169.2085714285715,2546.714285714286,212047.41899999994,688342.0,220259.67142857114,656428.7142857143
Uttarakhand,Champawat,30-12-2020,,,,,5.465,48.0,,,965.9649999999998,2244.0,1169.2085714285715,2546.714285714286,212047.41899999994,688342.0,220259.67142857114,656428.7142857143
Uttarakhand,Dehradun,30-12-2020,,,,,46.290000000000006,274.0,,,965.9649999999998,2244.0,1169.2085714285715,2546.714285714286,212047.41899999994,688342.0,220259.67142857114,656428.7142857143
Uttarakhand,Haridwar,30-12-2020,,,,,196.97,340.0,,,965.9649999999998,2244.0,1169.2085714285715,2546.714285714286,212047.41899999994,688342.0,220259.67142857114,656428.7142857143
Uttarakhand,Nainital,30-12-2020,,,,,98.12,229.0,,,965.9649999999998,2244.0,1169.2085714285715,2546.714285714286,212047.41899999994,688342.0,220259.67142857114,656428.7142857143
Uttarakhand,Pauri Garhwal,30-12-2020,,,,,7.069999999999999,64.0,,,965.9649999999998,2244.0,1169.2085714285715,2546.714285714286,212047.41899999994,688342.0,220259.67142857114,656428.7142857143
Uttarakhand,Pithoragarh,30-12-2020,,,,,1.035,8.0,,,965.9649999999998,2244.0,1169.2085714285715,2546.714285714286,212047.41899999994,688342.0,220259.67142857114,656428.7142857143
Uttarakhand,Tehri Garhwal,30-12-2020,,,,,0.18,1.0,,,965.9649999999998,2244.0,1169.2085714285715,2546.714285714286,212047.41899999994,688342.0,220259.67142857114,656428.7142857143
Uttarakhand,Udam Singh Nagar,30-12-2020,,,,,597.7449999999998,1216.0,,,965.9649999999998,2244.0,1169.2085714285715,2546.714285714286,212047.41899999994,688342.0,220259.67142857114,656428.7142857143
Uttarakhand,Uttar Kashi,30-12-2020,,,,,4.005,22.0,,,965.9649999999998,2244.0,1169.2085714285715,2546.714285714286,212047.41899999994,688342.0,220259.67142857114,656428.7142857143
West Bengal,24 Paraganas North,30-12-2020,24 PARAGANAS NORTH,303.0,WEST BENGAL,19.0,270.41400000000004,1101.0,,,7330.917,22457.0,10983.444000000005,30422.285714285714,212047.41899999994,688342.0,220259.67142857114,656428.7142857143
West Bengal,24 Paraganas South,30-12-2020,24 PARAGANAS SOUTH,304.0,WEST BENGAL,19.0,322.99299999999994,1130.0,,,7330.917,22457.0,10983.444000000005,30422.285714285714,212047.41899999994,688342.0,220259.67142857114,656428.7142857143
West Bengal,7478926270,30-12-2020,,,,,0.0,0.0,,,7330.917,22457.0,10983.444000000005,30422.285714285714,212047.41899999994,688342.0,220259.67142857114,656428.7142857143
West Bengal,9434553430,30-12-2020,,,,,0.0,0.0,,,7330.917,22457.0,10983.444000000005,30422.285714285714,212047.41899999994,688342.0,220259.67142857114,656428.7142857143
West Bengal,Alipurduar,30-12-2020,ALIPURDUAR,664.0,WEST BENGAL,19.0,104.68100000000001,339.0,,,7330.917,22457.0,10983.444000000005,30422.285714285714,212047.41899999994,688342.0,220259.67142857114,656428.7142857143
West Bengal,Bankura,30-12-2020,BANKURA,305.0,WEST BENGAL,19.0,445.5560000000001,1301.0,,,7330.917,22457.0,10983.444000000005,30422.285714285714,212047.41899999994,688342.0,220259.67142857114,656428.7142857143
West Bengal,Bardhaman,30-12-2020,,,,,641.3149999999995,1303.0,,,7330.917,22457.0,10983.444000000005,30422.285714285714,212047.41899999994,688342.0,220259.67142857114,656428.7142857143
West Bengal,Birbhum,30-12-2020,BIRBHUM,307.0,WEST BENGAL,19.0,464.68399999999997,920.0,,,7330.917,22457.0,10983.444000000005,30422.285714285714,212047.41899999994,688342.0,220259.67142857114,656428.7142857143
West Bengal,Coochbehar,30-12-2020,COOCHBEHAR,308.0,WEST BENGAL,19.0,531.5269999999997,1565.0,,,7330.917,22457.0,10983.444000000005,30422.285714285714,212047.41899999994,688342.0,220259.67142857114,656428.7142857143
West Bengal,Darjeeling,30-12-2020,,,,,0.0,0.0,,,7330.917,22457.0,10983.444000000005,30422.285714285714,212047.41899999994,688342.0,220259.67142857114,656428.7142857143
West Bengal,Dinajpur Dakshin,30-12-2020,DINAJPUR DAKSHIN,310.0,WEST BENGAL,19.0,376.8429999999999,1178.0,,,7330.917,22457.0,10983.444000000005,30422.285714285714,212047.41899999994,688342.0,220259.67142857114,656428.7142857143
West Bengal,Dinajpur Uttar,30-12-2020,DINAJPUR UTTAR,311.0,WEST BENGAL,19.0,397.3779999999998,1672.0,,,7330.917,22457.0,10983.444000000005,30422.285714285714,212047.41899999994,688342.0,220259.67142857114,656428.7142857143
West Bengal,Hooghly,30-12-2020,HOOGHLY,312.0,WEST BENGAL,19.0,795.7249999999999,1288.0,,,7330.917,22457.0,10983.444000000005,30422.285714285714,212047.41899999994,688342.0,220259.67142857114,656428.7142857143
West Bengal,Howrah,30-12-2020,HOWRAH,313.0,WEST BENGAL,19.0,48.873000000000005,214.0,,,7330.917,22457.0,10983.444000000005,30422.285714285714,212047.41899999994,688342.0,220259.67142857114,656428.7142857143
West Bengal,Jalpaiguri,30-12-2020,JALPAIGURI,314.0,WEST BENGAL,19.0,318.58500000000004,686.0,,,7330.917,22457.0,10983.444000000005,30422.285714285714,212047.41899999994,688342.0,220259.67142857114,656428.7142857143
West Bengal,Jhargram,30-12-2020,JHARGRAM,703.0,WEST BENGAL,19.0,0.0,0.0,,,7330.917,22457.0,10983.444000000005,30422.285714285714,212047.41899999994,688342.0,220259.67142857114,656428.7142857143
West Bengal,Maldah,30-12-2020,MALDAH,316.0,WEST BENGAL,19.0,637.0589999999999,1755.0,,,7330.917,22457.0,10983.444000000005,30422.285714285714,212047.41899999994,688342.0,220259.67142857114,656428.7142857143
West Bengal,Medinipur East,30-12-2020,MEDINIPUR EAST,317.0,WEST BENGAL,19.0,187.386,835.0,,,7330.917,22457.0,10983.444000000005,30422.285714285714,212047.41899999994,688342.0,220259.67142857114,656428.7142857143
West Bengal,Medinipur West,30-12-2020,MEDINIPUR WEST,318.0,WEST BENGAL,19.0,592.661,1618.0,,,7330.917,22457.0,10983.444000000005,30422.285714285714,212047.41899999994,688342.0,220259.67142857114,656428.7142857143
West Bengal,Murshidabad,30-12-2020,MURSHIDABAD,319.0,WEST BENGAL,19.0,613.9200000000008,2710.0,,,7330.917,22457.0,10983.444000000005,30422.285714285714,212047.41899999994,688342.0,220259.67142857114,656428.7142857143
West Bengal,Nadia,30-12-2020,NADIA,320.0,WEST BENGAL,19.0,544.9270000000001,2575.0,,,7330.917,22457.0,10983.444000000005,30422.285714285714,212047.41899999994,688342.0,220259.67142857114,656428.7142857143
West Bengal,Paschim Bardhaman,30-12-2020,PASCHIM BARDHAMAN,704.0,WEST BENGAL,19.0,5.804999999999999,74.0,,,7330.917,22457.0,10983.444000000005,30422.285714285714,212047.41899999994,688342.0,220259.67142857114,656428.7142857143
West Bengal,Purulia,30-12-2020,,,,,30.585000000000008,193.0,,,7330.917,22457.0,10983.444000000005,30422.285714285714,212047.41899999994,688342.0,220259.67142857114,656428.7142857143
